        0.0000000000000000        0.0000000000000000        0.7000000000000000
        0.0000000000000000        0.3000000000000000        0.7000000000000000
        0.0000000000000000        0.9000000000000000        0.5000000000000000
        0.1000000000000000        0.3000000000000000        0.2000000000000000
       -0.0000000000032428       -0.0000000000025714        0.3005594143293782
        0.0000000000000000        0.3252891310958834        0.3797165555478687
       -0.0000000000027090        0.3649459913353991       -0.0000000000030860
        0.0000000000147981        0.6603501496588280        0.5601163858312415
        0.0000000000264724        0.5451234729193385        1.0000000019938808
       -0.0000000000014369        0.8278643888826058        0.0000000000147065
       -0.0000000000025932       -0.0029412273728400       -0.0000000000023288
        0.2243279241145734        0.0000000000000000        0.3999292937002352
        0.2985507048969936        0.3626167154743544        0.3372394826008990
        0.2520066177826920        0.3846987942471415        0.0000000000000000
        0.2880440012545611        0.8464323415971875        0.0000000000000000
        0.0000000000000000        0.6203823473093584        0.2095938969920629
       -0.0000000000022423        1.0000000008351320        0.2006278165172814
        0.2331051246172290        0.0000000000000000        0.1324549629030660
        0.2189540446884437        0.1700554429767297        0.0000000000001956
        0.0000000000327092       -0.0339071785537445        1.0000000027310303
        0.3456901028506082        0.2972624081091928        0.1539992327020026
        0.3427660337806074        0.3871372059726875        0.7155038841200734
        0.2549582753338180        0.5151310727105983        0.5054003799409678
        0.3929347888515109        0.5967709616433852        0.1333422184182639
        0.2921842753180064        0.7349871588148952        0.7307440232822164
        0.1819138683981467        0.6104703326992064        0.0000000000000000
        0.2463141949619537        0.7604165245666045        0.1314599057855131
        0.1921790508333863        0.7949889465139340        0.2956096403686727
        0.2068999437513045        1.0000000000000000        0.6124638014224422
       -0.0165540130335220        1.0000000016009194        1.0000000015824388
        0.3504107684910980        0.0000000000002010       -0.0000000000009325
        0.3805266495583894        0.0000000000002182        0.2433560720993584
        0.3979871338602568        0.1376414714907000        0.0000000000000000
        0.3943745835454128        0.1351553789400105        0.1446251414642324
        0.2585891576656908        0.1629559263770460        0.2586166118012941
        0.2814856127593384        0.2164369285721179        0.4943899480741505
        0.3830794154090277        0.2834858949585566        0.0000000000002179
        0.4062007078683942        0.4266018791387044        0.0768601053173247
        0.4852618654869346        0.2793290301331462        0.4326336110304066
        0.2405456127451457        0.4826817328482042        0.1563955329565421
        0.2737277894865104        0.5902318298202026        0.3020132569051676
        0.4426550238038646        0.4603582784225042        0.4028004729436183
        0.4149009763392303        0.6210534827267833        1.0000000000000000
        0.3991007799325400        0.7169530479952116        0.2195029195771429
        0.4333388486078589        0.6705318642839090        0.4000177320961266
        0.3750075572317311        0.7011215012509632        0.0000000000001046
        0.3168994384102607        0.7886269549036606        0.4609980467568605
        0.3867890281265061        1.0000000000726867        0.0000000000001639
        0.3858319743121345        1.0000000000000000        0.1574050579426021
        0.4180655799752658        1.0000000000000000        0.4698471021944808
        0.4410255320441961        1.0000000000000000        0.7085256425007044
        0.2153964479279966        1.0000000000000000        0.0484099724355250
        0.2623570378170726        1.0000000000000000        0.3166694545508612
        0.5016682554813607        0.0000000000001523        0.0000000000001455
        0.4571483887139537        0.0000000000001190        0.1112887275759927
        0.5419545619640941        0.0000000000001316        0.2004853527276813
        0.4958125081910321        0.0000000000001352        0.3083016618180197
        0.4188047120717269        0.0000000000000000        0.4443825675704862
        0.3143089291754064        0.0000000000000000        0.6634995829304091
        0.5022465115440913        0.1064289929235138        0.0473441110218747
        0.5279562593203388        0.1028374680273145        0.1648475261723779
        0.4451440447699699        0.1498444748547096        0.3227710170751266
        0.5000031653308807        0.2241067169930382        0.0000000000001036
        0.5140344485065809        0.2060249228086550        0.1176328305034327
        0.4999999999667670        0.3540950462600879        0.0000000000001844
        0.4878330330906780        0.3095333745139567        0.0928023531756973
        0.5352227323788267        0.3127359938765980        0.1843423215178659
        0.4587531202186144        0.3048088545618577        0.2799785974121691
        0.5000032423885175        0.4658409725863529        0.0000000000001048
        0.5178467554509902        0.4215590575932599        0.1323942928183190
        0.4185115092110284        0.4493710565356613        0.2243016041470620
        0.3664384731073043        0.5377075721171333        0.0000000000000000
        0.5103618350711139        0.5374263925869628        0.1012643444253459
        0.5438844256800845        0.5179298959938332        0.2048379430136659
        0.4600043813770605        0.5752522065467479        0.2795097123976148
        0.4999999999790271        0.5760459659729432        0.0000000000001179
        0.5323153243068042        0.6379982747342317        0.1768362070441185
        0.5000062803670003        0.6735458115959985        0.0000000000001459
        0.4892459301438338        0.7112840150475263        0.1001474848456485
        0.5178154067395744        0.7174152919486650        0.2838733141750342
        0.5035941862983040        0.8231016262971834        0.5525885739182151
        0.4999999999866023        0.7859068375623048        0.0000000000000720
        0.4153971547372819        0.8338431332042368        0.1009489796488094
        0.5321135000067515        0.7878729735236074        0.1763015120186384
        0.5664266923155362        0.7789980676360766        0.7557381450442585
        0.4942777731645956        0.8943846968371367        0.0000000000000000
        0.5159309523863529        0.8948046100700893        0.1252084547561252
        0.5470663306260410        0.8952368799796092        0.2398658310783698
        0.3990646941869864        0.8593247175021064        0.2611581016275857
        0.5648939581072462        1.0000000000000000        0.4189590957252277
        0.5000157789929389        1.0025873076835490       -0.0000000000009249
        0.5083264136763083        1.0000000001160969        0.0908685012695226
        0.5373320784634023        1.0000000001204865        0.1895742450559953
        0.4603140507865806        1.0000000000000000        0.3007413402564084
        0.4639280971834250        1.0000000009689032        1.0000000008730474
        0.6086193590308271        0.0000000000001378        0.3111610418041910
        0.5763456103013844        0.0000000000001956        0.4285005863055677
        0.5437521565080978        0.0000000000000000        0.5997717551712531
        0.5780397660958410        0.1026751697136871        0.2682341533130101
        0.5865096064458577        0.1369883591493995        0.4701087605799377
        0.5547096083133651        0.2077122858004246        0.2274125482154194
        0.5916867775295962        0.2045126297872419        0.3438025678832016
        0.6441958800516592        0.2764046448778837        0.5148800260116281
        0.4760716102661266        0.1883958280076108        0.6163446544614255
        0.5939026017286028        0.3101092008213446        0.2916931661554832
        0.5618056056135501        0.4078420714852926        0.2463140229102881
        0.5904269698159232        0.3994461850104545        0.3917461033729275
        0.5392662048406905        0.4049044286598468        0.5576651219708028
        0.6019344816742248        0.4930176035922330        0.3025621310401123
        0.5554052909492717        0.5571697206574217        0.4093615343214732
        0.5717988488230297        0.5059605064243883        0.7537856555103485
        0.3763093818420660        0.2176739593292992        1.0000000000000000
        0.5877880363863183        0.6065563887481520        0.2829863903097407
        0.4674668923167145        0.6051037540814921        0.5743930127319381
        0.6262849377069739        0.6996294822853627        0.3321702157945022
        0.5934632504313438        0.7081590552919860        0.4561777857529919
        0.5888835582171719        0.8017610627296529        0.2845755985632282
        0.6262728499574929        0.9026966002244028        0.3321566157359612
        0.5050286139687185        0.8461703988812144        0.3800521752190320
        0.6067859780719176        1.0000000000000000        0.5758946509288599
        0.5930156767612537        1.0000000001476190        0.2904544037836509
        0.6961840187433366        0.0000000000001348        0.3971093673197637
        0.6898626967944682        0.0000000000001528        0.5232495660969942
        0.6830080896631805        0.0000000000002107        0.7188653999445610
        0.6521569827260142        0.1008687826732711        0.3591729880582978
        0.7156603725645378        0.1395498612700302        0.5804158259667607
        0.7071219453364196        0.2002322836813458        0.4052436860767250
        0.6690340730531927        0.3006780791267630        0.3747820102411459
        0.6095999703132216        0.2499381222974598        0.7323921528548247
        0.7209187088819187        0.3958940021022965        0.4148658011338570
        0.7147294687594509        0.4198816628228498        0.5555958107502469
        0.6802197648570028        0.4941201135269305        0.3843703959050690
        0.6524578328639923        0.5496589558242451        0.5119208698629459
        0.6719624939427653        0.6059883617943843        0.3773478430268813
        0.7204765300287531        0.7039063456570100        0.4145680038153018
        0.6519527278910936        0.6747730080733910        0.6127353552593698
        0.6664321785989283        0.7984935402428913        0.3724681309110728
        0.6443835633718464        0.8815669093404570        0.4516841917130832
        0.6892632297783328        0.8501169424691871        0.5743925650467795
        0.6910902830150437        1.0000000000000000        0.7799323072247754
        0.6754579698385670        1.0000000000734548        0.3803583449604636
        0.7216966381481826        1.0000000000000000        0.4743935495754458
        0.7994167781753811        0.0000000000001517        0.4580025885292581
        0.7481975083103517        0.1012712106689754        0.4322771597802627
        0.8231304843747463        0.0000000000001282        0.5801502970930529
        0.4726386271769187        0.0000000000000000        0.8807346253735461
        0.7318730225048814       -0.0000000000024090        1.0000000007778276
        0.7700342401563958        0.2995457898074969        0.4439771945716550
        0.8309224594146919        0.4003609593214148        0.4705452000282476
        0.7708722000171876        0.4178912296935609        0.7343771109283684
        0.6881332513599618        0.3642324480964472        1.0000000000000000
        0.7762419732449334        0.4986176750254996        0.4471379490424299
        0.7929278755020679        0.5646002188086914        0.5873370716966155
        0.7708954404374868        0.6062637221002761        0.4444222100546059
        0.7635230436143294        0.7098369941893888        0.5331216813025981
        0.8830816874391935        0.7100148517250263        0.6190989053339170
        0.7666007946071217        0.6223617844182656        0.7744182652909206
        0.7641630849281307        0.8061696053583045        0.4408865494583029
        0.7836434542512022        0.9067143812227805        0.4507658429711014
        0.7834425991672591        0.8318485854897903        0.7183547831398589
        0.7879806904346732        1.0000000000000000        0.5969267883137864
        0.9159394986224481        0.0000000000001479        0.4928831830644177
        0.8563108995869655        0.0988560971198758        0.4789085951061641
        0.8125646237827284        0.1995346776988093        0.4731585202207469
        0.7857445069750697        0.2854297178373893        0.5954535214957811
        0.8019570268283412        0.1905661281056274        0.7783357129957044
        0.8822684757495335        0.3002484285669457        0.4859416510346530
        0.8824588023454019        0.5106421228700442        0.4859877229456755
        0.9107957515197301        0.5528091160150423        1.0000000000000000
        0.8734472880218754        0.6328340688243870        0.4837193515807734
        0.8625527763411147        0.7486445614731850        0.4807372054547727
        0.7201578960962728        0.7555444911535676        1.0000000000000000
        0.8345331567002879        0.8483586021395944        0.5586141340388475
        0.9713330984509713        0.8643963889517421        0.6198593872523346
        0.8464068541028752        1.0000000001744873        0.4758247004415150
        1.0300818350047747        0.0000000000001187        0.4990942629097662
        0.8664331744730507        0.0000000000000000        0.7275247698709012
        0.9714939015209902        0.1026178451112177        0.4992472060583741
        0.9359491121771425        0.2071541925827253        0.4958805136009115
        0.8753889899998764        0.1443204240651934        0.5989675129254529
        0.9496176629616813        0.3663525542093243        0.7866909448614035
        0.9639295613558854        0.2179751553142597        1.0000000000000000
        0.9393874928563287        0.2955939197183755        0.6138626763338751
        0.9486880633257464        0.3928187119754290        0.4973601161754417
        0.9961766765055411        0.4983872683816983        0.4999853820066302
        0.8731506578246001        0.4367240949992700        0.6022424850233307
        0.9467855746726657        0.5838765907778060        0.5755967475508329
        0.9739018302936345        0.6967562848418477        0.4993184210726409
        1.0394051322658346        0.7158094264471608        0.6186167131405161
        0.9417843267572886        0.7869701072993397        0.7946948426107276
        0.9531641696629073        0.8087374428952691        0.4978015719404764
        0.9067532700023493        0.9074511648845331        0.4912281011352820
        0.9007477050397402        1.0000000000000000        0.7154453405909689
        0.9449123091651820        1.0000000000000000        0.5492991265477604
        1.1279922838256291        0.0000000000001384        0.4833404341448094
        0.9885584102413241        0.0000000000000633        0.6120446499206352
        0.9747185780966969        0.0000000000000000        0.8794080359142046
        1.0769820529027898        0.1120812100236027        0.4940382208548088
        1.0473292742209530        0.2057806262340776        0.5585058558528299
        1.1222398157596656        0.1013027639143480        0.6021309516214227
        0.9908906161630755        0.1582929161606983        0.7059938867325796
        1.0192545548629173        0.2990562134461650        0.4996291246289224
        1.0700558520377541        0.4017247226645091        0.4950678515115773
        1.1114563965440247        0.5067151215693928        0.4874191950172456
        1.0437590489125215        0.6037047558612895        0.4980814649677808
        1.0134294388773535        0.4451167377676770        0.6136404862071738
        0.9461232511318386        0.5673981323300437        0.7294038586399861
        1.0990939041148859        0.6955991184198477        0.4900820320851252
        1.0589684245685518        0.8022729213039776        0.4965105486743068
        1.0302280687324323        0.9135243833181784        0.4990854274231677
        1.1025147766848080        1.0000000001564295        0.4893778914170536
        1.2324451469771596        0.0000000000001327        0.4426841466401188
        1.2229465532664716        0.0000000000000000        0.5870273138659386
        1.1821374291859479        0.0961630190318687        0.4656457418355008
        1.1592812563156656        0.2025798368591576        0.4739509272086129
        1.1400892483988954        0.3124196969931776        0.4799739602211130
        1.1249332970871402        0.2228167880618625        0.8001548269356300
        1.0989607353477553        0.3316354446869232        0.6236701449472816
        1.1274905523397638        0.4567479392164288        0.7435957116400777
        1.1671355019878338        0.5983183095491941        0.4712385001058902
        1.0980503387123144        0.5750955790132137        0.6115715771781527
        1.2055363348905699        0.7053354281707180        0.4558012889934673
        1.1644426149511595        0.7956865273660186        0.5457242316887498
        1.1542737786454134        0.8883703469230815        0.4756044587916161
        0.8591459359779597        1.0000000008916583        1.0000000004615308
        1.2160561820785629        1.0000000000957807        0.4509098870539499
        1.3313573331718600        0.0000000000000801        0.3744359993736323
        1.3403952927249390        0.0000000000001730        0.4850111084538088
        1.1940524622662878       -0.0000000000032096        1.0000000008581380
        1.2850080701102833        0.1092633514626670        0.4108167476055584
        1.2747202609997306        0.1329554938833120        0.5364445520761247
        1.1222764631100408        0.0000000000000000        0.7294851788215169
        1.3279600574249464        0.2166047658901431        0.3774151570006507
        1.1968026574398420        0.2408849449763217        0.5984025137736765
        1.2731659344727067        0.1447819852781287        0.7155207894646557
        1.2494583573289169        0.2816221024621535        0.4333249680832282
        1.2471860799356940        0.3647120641544677        0.5498923409483299
        1.2771448984229090        0.4048885819012782        0.4161618738882208
        1.2894238909564337        0.3620351394639494        0.7390446345866596
        1.2514966166173138        0.5201007338334958        0.4321451744968020
        1.1813045431334930        0.4275872026993348        0.4659706671513761
        1.2284384981185692        0.5120247688266701        0.5764964602704532
        1.1186740094280292        0.6564390937601572        0.7938000627084650
        1.1486398137042610        0.4483278701127109        1.0000000000000000
        1.3378103619880888        0.5877611672637170        0.3686246863035487
        1.2950958661639704        0.6252577519244104        0.4906038297638275
        1.2134336356112709        0.6836498881459813        0.6108005428328421
        1.3077566424329419        0.7051820333953895        0.3940632551739130
        1.2416174598577059        0.8042195374097030        0.4377453633325533
        1.3078918882385020        0.8324070411865422        0.6014781964749460
        1.0761031974391913        0.7874536879737694        1.0000000000000000
        1.2938215510112534        0.8969453721310551        0.4504852072871320
        1.1986613291014567        0.9467963830442292        0.5672763927206328
        1.1280773849526118        0.8400964733386295        0.6932941709589712
        1.3145202199323001        1.0000000001536038        0.3886862888666079
        1.3375953187147882        1.0000000000000000        0.5336630325020079
        1.0682055984942966        1.0000000000000000        0.6172424960892865
        1.0566128601538076        1.0000000000000000        0.8015464602654231
        1.4123878875331739        0.0000000000000593        0.2827299596520809
        1.3956535907142626        0.0000000000000798        0.6098071036865627
        1.3724690381935716        0.1082369859756062        0.3335668082815731
        1.4076020183571218        0.1354038536948804        0.4698895202267851
        1.3467444662265247        0.0000000000000000        0.7997756114031825
        1.4081250144684438        0.2153367029204473        0.2888493942613218
        1.4719286156118345        0.2611817194301754        0.3919471661952391
        1.3758400426211050        0.2514700161509423        0.5692767602388696
        1.4170829408669974        0.3387459735271993        0.2757568139461596
        1.3517429082386254        0.3325936400800250        0.3553546489126516
        1.3766881684055068        0.3487583996347239        0.4665190533386580
        1.4635220097359130        0.3757953312145614        0.1874762558042491
        1.4787040198007788        0.4122853432159181        0.3784143062702990
        1.3898641236412681        0.4473808611911822        0.5932280542069079
        1.3099445567789234        0.5776068581651587        0.7470457720208753
        1.4773366409177422        0.2205177689502043        0.7328894589609637
        1.3560185434088230        0.4627789328474891        0.3510709283766671
        1.3802111739280640        0.5101904037071593        0.4595154397808997
        1.4144889365711089        0.5856748940038088        0.2796407006502297
        1.4325141037465872        0.6585007520765398        0.4201591259069510
        1.4009187561285807        0.6583521421886082        0.5924403786939441
        1.3952554172618346        0.6934308313136588        0.3062240276744677
        1.3757807628471421        0.7788838424275142        0.4647936611389509
        1.3152854157258071        0.8144114251814666        0.7979880883929630
        1.3690411786346723        0.7963042799508661        0.3373553148713265
        1.3609353082090900        0.9019063736016207        0.3460140218083788
        1.4608703687015725        0.8783071840833405        0.5382632964501062
        1.2452670589862167        1.0000000000000000        0.7112739283210160
        1.3997575245113592        1.0000000001422749        0.3003230284060739
        1.4460993971004805        1.0000000000000000        0.4118036363607029
        1.2146089695806623        1.0000000008834005        1.0000000005914562
        1.4999852863672711       -0.0000000000016984       -0.0038357605676445
        1.4913784075656269        0.0000000000001248        0.0924513946829255
        1.4608471313344413        0.0000000000000730        0.1939585560554831
        1.4422568003757406        0.0000000000001881        0.3842973201388907
        1.4999994391441993        0.0951458382867127       -0.0000000000000109
        1.4850009022061244        0.1033255207752813        0.1215488579100826
        1.4415420579743934        0.1113211942535289        0.2346073550418604
        1.5054377435403783        0.1262916715975151        0.3521290369405861
        1.4999933558724381        0.1919154344023661        0.0000000000001500
        1.4894803616487577        0.2119324521708136        0.1020243870856436
        1.4599868656688646        0.2515892335936143        0.1959900084497523
        1.6538813996425865        0.1955758531669293        0.3313213713094299
        1.5848579766533819        0.1681767154582396        0.5190560593928426
        1.4999950297879110        0.2877833023723316        0.0000000000001298
        1.4999971972767225        0.3977735156853183        0.0000000000000974
        1.4900232582066835        0.3317014685127010        0.0993841356379677
        1.4999979650073414        0.5057026575463156        0.0000000000000830
        1.4885035474423036        0.4558231994336993        0.1066033964575473
        1.4247143530943001        0.4676130513960655        0.2638516975646081
        1.4999958665069513        0.5999892846838257        0.0000000000001183
        1.4664527515317336        0.5534826451908007        0.1800606303123335
        1.4999983638843863        0.7056983133937685        0.0000000000000744
        1.4896009096336820        0.6501051081296391        0.1014443161831711
        1.4564452648622952        0.6734074494622950        0.2041022297398759
        1.5339514438991462        0.7160507627844489        0.3089048435172338
        1.5674496732518863        0.7454200182731497        0.4854145807297693
        1.4999997560444649        0.8009616797033183       -0.0000000000000072
        1.4850469091145020        0.7742810136862354        0.1213651348553940
        1.4395623377853068        0.7865142700909739        0.2382959319852434
        1.4999977108374603        0.9008794223205053        0.0000000000000881
        1.4870997225924383        0.8884216348568981        0.1128444072622555
        1.4350324106973023        0.8993767617734413        0.2464686625980954
        1.4936135329189104        0.8618618156520708        0.3651372825261396
        1.5173641583331889        1.0000000011848305        1.0000000006642835
        1.4999767194025535        1.0032473224352028       -0.0000000000011234
        1.4872052868649819        1.0000000001194309        0.1123877584698997
        1.5862439866454632        0.0000000000000850        0.0000000000001627
        1.5803897310008763        0.0000000000000000        0.1487379446640527
        1.5577601482237404        0.0000000000001654        0.2909906855641019
        1.5249681224755636        0.0000000000000000        0.4840324468820008
        1.6279919381376022        0.1204413137228081        0.1091570647936417
        1.5985562589461484        0.1787779113267644        0.0000000000000000
        1.5562748143266385        0.1512445334281541        0.2175890906773986
        1.7543813305862408        0.2411164896569566        0.7082775005867197
        1.6156268254301147        0.3255831793238005        0.0000000000001757
        1.5348941049133773        0.4533143856417201        0.2371550055452633
        1.5535439348747082        0.3094473213597297        0.2702545123255307
        1.3348453138977239        0.2646489027871541        1.0000000000000000
        1.5604533255648514        0.3484030687295527        0.5303418293500918
        1.5221096130489449        0.4831406684207251        0.7502404461082490
        1.6154312913792068        0.4684527519854479        0.0000000000002191
        1.5735657160372138        0.5562000913642643        0.1099793927369461
        1.6376359080443075        0.4212118088975990        0.1491721433719821
        1.5971792470920074        0.5778223286293909        0.2394258454887492
        1.5112339995502724        0.5553282466048226        0.3500365376077867
        1.5338322555839923        0.5497177217271572        0.5035143239977478
        1.5860967720569987        0.7159936436522152        0.1614666869799611
        1.6068781322259302        0.6152763078334664        0.0000000000001923
        1.5440808208395151        0.7491980376375053        0.7180742382182275
        1.6186597561050271        0.8674214112798382        0.0000000000002139
        1.6729970425827847        0.8455453110448083        0.1373392288640230
        1.5491149365108512        0.8606246947679391        0.2207029109519455
        1.5908490952471892        1.0000000002640814        0.0000000000001195
        1.4852576233125361        1.0000000000000000        0.2286125509333198
        1.6923020464725034        0.0000000000000000        0.4078151408840931
        1.7454046727197043        0.1890211266759247        0.0000000000000000
        1.6884157605022383        0.0000000000002066        0.0000000000001904
        1.7193975362367013        0.0000000000000000        0.1948418364543110
        1.6050383299181770        0.0000000000000000        0.6960379838930941
        1.6175834249922894        0.2731489368097427        0.1377261381904125
        1.6568858662711137        0.4230784974646407        0.3525600153085875
        1.7044720751853908        0.5314424434587277        0.5690942914404811
        1.7056031963363822        0.6297629865777071        0.3603273173539095
        1.7325266531220589        0.6383998597280920        0.1506403169841942
        1.7902502217170977        0.7909739546641834        0.5763073838096103
        1.8111897831506838        0.7968320036980995        0.0000000000000000
        1.6349293072899653        0.7341285029662902        0.0000000000000951
        1.6771193694901125        0.8313462985905316        0.3349143745285111
        1.7917997609239587        0.2150551198672252        0.1925598403181354
        1.8144173184580643        0.2819196671202747        0.4372021611346986
        1.5756774978754899        0.0000000000185571        1.0000000009864471
        1.7749706299392369        0.3887130572301045        0.0000000000000000
        1.3558006314728892        0.6405573828304543        1.0000000000000000
        1.7605831144788777        0.5765543133173970        0.0000000000000000
        1.7869885362183839        1.0000000000000000        0.1970837413463827
        1.6061421301195766        1.0000000000000000        0.1465826815427609
        1.5975314458719985        1.0000000000000000        0.3134086915486820
        1.4534965091758536        1.0000000000000000        0.6976955029046966
        1.9108320988233225        0.0000000000000000        0.2819642390732274
        1.8535819797596955       -0.0000000000014697        0.0000000000002258
        1.9652080948524979        0.2691740610975252        0.0000000000000000
        1.6601501344033154        0.3634306432868933        1.0000000000000000
        1.7280446937059091        1.0000000002676812       -0.0000000000009557
        1.8618671278889793        0.0000000000160850        0.5903550503612025
        1.9489615702494305        1.0000000005158955       -0.0000000000020879
        1.9903624632182999        0.5869509146710183        0.0000000000000000
        1.8226830876256808        0.4425603813915432        0.2043401679494861
        1.8679752178970461        0.7748248075967994        0.2147670184889847
        2.2254457757082871        0.0000000000000000        0.1882210979755618
        2.0103565259019005        0.0000000000294104        1.0000000014620214
        2.1237977648351043       -0.0000000000018237       -0.0000000000015923
        2.1738522125616804        0.4646361312816575        0.2072190286428533
        2.1355250850179823        0.2537132282751796        0.4526400198362879
        2.2053298986320993        0.3985574727539446        0.0000000000000000
        2.1612316917459764        0.8105211660601906        0.0000000000000000
        2.2348382540199760        1.0000000004376715       -0.0000000000016497
        2.1334007047337953        1.0000000000000000        0.2120326166562886
        1.5932043057363803        1.0000000000000000        0.5004273130272274
        1.8139308719721094        1.0000000000000000        0.4079380663590387
        2.3082674948500315        0.0000000000002151        0.0000000000002244
        2.1144647521442299        0.2262937757113876        0.2073767336733154
        2.2083387111222277        0.0000000000000000        0.4082382099959391
        2.2304471510137467        0.1889318059490349        0.0000000000000000
        2.2304499813645422        0.2564414554457880        0.6648701264642849
        1.9054278631581854        0.5144427181689917        0.7537108635388843
        2.2519168723837493        0.5950070367370037        0.0000000000000000
        2.2036408785768691        0.6784664106093404        0.1706849967954638
        2.3491483092373748        0.7762186332329615        0.0000000000000000
        2.3080946593927623        1.0000000000000000        0.3234070336171541
        2.4155522398357512        0.0000000000000936        0.0000000000000892
        2.4113094836902196        0.0000000000000000        0.1586304193292830
        2.3676424998140932        0.1158562424858525        0.1103684906534726
        2.4131119474856386        0.0000000000000000        0.3048159683394950
        2.3927693246219039        0.1819239605292942        0.0000000000000000
        2.4407634916842071        0.2083014236957569        0.1931815867464980
        2.3197949088242367        0.1521487030239736        0.2746633300985526
        2.2726402650964412        0.0000000000000000        0.6700856031231893
        2.3801180994370350        0.3308667487084483        0.0000000000002202
        2.3155103361239928        0.2872029119596547        0.1367764258821723
        2.3118887591310870        0.3434984287369139        0.3295479072634447
        2.6819535953894218        0.2458065618248422        1.0000000000000000
        2.4348777413986671        0.3657022849376634        0.2058731052644864
        2.3624390164654252        0.4515653537341184        0.1191476833070339
        2.3621759225582082        0.5113137305727492        0.2802281491998771
        2.2526566133640462        0.2784268559561650        1.0000000000000000
        2.3880102909697150        0.4878506564384888        0.0000000000000000
        2.3898621362305450        0.5953299171521701        0.1446195851357684
        1.9563828597971156        0.5623189799914105        0.3886930873152503
        2.4079955836994817        0.7393322149323335        0.1128116696477134
        2.4083574811907744        0.7158782446785398        0.2520749795328667
        2.2836395360429904        0.6490991849064587        0.3585277077839465
        1.6669595423851444        0.7166047113214096        1.0000000000000000
        2.3998856117028660        0.6379663459165015        0.0000000000002010
        2.3032829043269580        0.8502004980805046        0.1775645447463500
        2.1345011187396774        0.8137398765674886        0.3640289248630466
        2.2171124914858691        0.7461520556259543        0.6338141409971941
        2.3815129621036877        0.9180783222508543        0.0000000000000000
        2.4528885819766586        0.8610802096208025        0.2723238048043517
        2.0183927973067557        1.0000000019273072        1.0000000013081709
        2.3496051165962526        1.0000000000000000        0.1172047576492884
        2.4323385519489782        1.0000000000000000        0.2062222421409620
        2.1439603208952027        1.0000000000000000        0.5418153391364574
        2.3445120850747094        1.0000000000000000        0.7443576107663865
        1.7361775481739374        1.0000000000000000        0.7117194218092555
        2.5000078963099317       -0.0000000000017092       -0.0028099596557307
        2.5105703265288426        0.0000000000001453        0.1022672700959209
        2.5508032009233896        0.0000000000000000        0.3919462529080666
        2.5000028462057116        0.0947756901783082        0.0000000000000982
        2.5125608548243838        0.1121399052398618        0.1113691148858816
        2.5421122147922031        0.0388831930309131        0.2008451546776735
        2.3794228752066311        0.1576457986233136        0.4445636123967073
        2.4390719367859921        0.0000000000000000        0.4943486919533637
        2.5000041985105264        0.1876566147426963        0.0000000000001193
        2.5107312166286690        0.2219266456219360        0.1030342545871880
        2.5480291979360761        0.1547864684383976        0.2138279543972056
        2.4958308367968112        0.1202498191474252        0.3136853784532020
        2.5000046991591947        0.2847114353699802        0.0000000000001262
        2.5114301470554752        0.3292995155214186        0.1062991006253839
        2.5460153018935738        0.2758084419242380        0.2095182423685752
        2.4664481852824718        0.2703846269787852        0.3205347340509924
        2.4175834676643229        0.3408020997670837        0.5082039503773930
        2.5000030293272619        0.3901274975164656        0.0000000000001013
        2.5119370867564204        0.4365437060600877        0.1086029130188972
        2.5482847208177954        0.3902952626092540        0.2143672235985322
        2.4874646589783049        0.4201879039170267        0.3418604539336819
        2.5000042220282261        0.4900981345947376        0.0000000000001196
        2.5107610355826169        0.5431866709725830        0.1031757514913583
        2.5058694524376866        0.4995221765042267        0.2173753161414114
        2.4770785536414222        0.5941303804301983        0.3283884024820142
        2.2296964537584540        0.5042334630799818        0.4892709354685834
        2.5000071093783718        0.5923175048145388        0.0000000000001552
        2.5090492963031568        0.6583603820102659        0.0946963913756722
        2.5409424783631689        0.6054425854171772        0.1981569878370444
        2.4296844067620893        0.6721259786199214        0.5055336160861087
        2.2255595159783370        0.6679933162460316        1.0000000000000000
        2.5000000001098934        0.7131146141894962        0.0000000000001109
        2.5352942515395771        0.7107390399124566        0.1845225388613489
        2.5000001317197325        0.8093291861724272       -0.0000000000000053
        2.5158177541401439        0.7958340181748847        0.1247699995756424
        2.5637965629808770        0.7933835334457046        0.2443901829712151
        2.5108024563484603        0.7358972533118818        0.3657775821988635
        2.6310254867207412        0.7567948534684241        1.0000000000000000
        2.5000019033704333        0.9042527019242063        0.0000000000000803
        2.4519995499566165        0.8830219697657988        0.1145789268664586
        2.5383832870671972        0.8965876963230626        0.1921197812332560
        2.4838635589748441        0.7503589237507224        0.7578800005387396
        2.5008256230797792        1.0000000002419280        0.0000000000002202
        2.5086470592708987        1.0000000000546683        0.0925866490453018
        2.5384664740028633        1.0000000001679590        0.1923195366334621
        2.4681626865307895        1.0000000000000000        0.3369766988557655
        2.5851583862051766        0.0000000000001488        0.2791172430963135
        2.6200266001265700        0.1021125301050848        0.3249926389760642
        2.5787269083809350        0.1230488196839606        0.4457351336997453
        2.5134280807835574        0.0000000000000000        0.7253322902459298
        2.6000297282116320        0.2152646025953004        0.3000396335245379
        2.5491121717652048        0.2567837659921844        0.4173929787103036
        2.5078817229243215        0.1732468855328304        0.5866197491870122
        2.5998436977257762        0.3338426427193121        0.2997914837853471
        2.5814922629850554        0.3968150360961589        0.6141571419890588
        2.5986150521598650        0.4550544315587050        0.2981444677457091
        2.5969851538559414        0.3970266434353498        0.4471004078411842
        2.6659778327904542        0.5121280520837878        0.3720607367253876
        2.4714641792308409        0.5041742297436353        0.4731133531409571
        2.3797383478114602        0.5109115313735699        0.7058659737976748
        2.5961365009367419        0.5643576608814955        0.2947783474483526
        2.5893718755912207        0.6009247504145769        0.4230565568914451
        2.6191601821427741        0.7346734155078928        0.4762253116385908
        2.5786784529201259        0.6110472638313060        0.5919468088699504
        2.5872281601841314        0.6793431334562929        0.2821691128650033
        2.6315827700774834        0.7884897010704972        0.3380366025983276
        2.5007356310071929        0.8340739861925254        0.5770474859735286
        2.5964648207036589        0.8960389428873644        0.2952276394077458
        2.5445731018755122        0.8675130780732287        0.4143558575613239
        2.3622037921605505        0.8392724725996772        0.4138703886643868
        2.5826105350845658        1.0000000001436393        0.2752926341771308
        2.5645962994251303        1.0000000000000000        0.4021901062279418
        2.4202794227663804        1.0000000000000000        0.5128146788030415
        2.6674358775489937        0.0000000000001367        0.3733645730349238
        2.7126741078626453        0.0963265226001733        0.4091990123523996
        2.6210451534518189        0.0000000000000000        0.5464029193475530
        2.6805261276073962        0.1910861121993077        0.3846250705017475
        2.7013559671288192        0.1320821794912828        0.5343008101517817
        2.6777851980464398        0.1691033760338783        0.7072352662608985
        2.6715264722928915        0.2892619250763270        0.3769683562258871
        2.6545389255000806        0.2642201343103124        0.5178762848799791
        2.4921878431048721        0.2703658862381923        0.7676381628352225
        2.6667019752173222        0.3967677863907497        0.3727095741672937
        2.7477664564694271        0.3804382355459150        0.5577367713134022
        2.7333935480455684        0.3712745124926769        0.7528158040690103
        2.7425347442113317        0.4478279085936271        0.4286159610440045
        2.7276353162674112        0.5934926207863830        0.4193059492624171
        2.6773424722355190        0.5100151254432044        0.5176756811763742
        2.6639158114115853        0.5573496112883842        0.7450135608118237
        2.5400518548354443        0.4873800250937180        1.0000000000000000
        2.8378779216595458        0.5326121896075107        1.0000000000000000
        2.6594799420610631        0.6797820161125174        0.3661230532775328
        2.7158582106425069        0.7976537380127389        0.4114163870692908
        2.7885942570747502        0.7953327361681468        0.5023781685155420
        2.6682205740992537        0.8732687060646555        0.5253744772648630
        2.6779996017523171        0.8968643365870016        0.3825124096396528
        2.7784998114138273        0.8994584084335672        0.4482607125951258
        2.6546821015964794        1.0000000001351637        0.3616013675758389
        2.7357232111434930        1.0000000001330331        0.4244499721223916
        2.6104277560902136        1.0000000000000000        0.5092940941845964
        2.4983038963306314        1.0000000013110109        1.0000000008513092
        2.7576392326759964        0.0000000000001536        0.4373342639383315
        2.7742768724903577        0.2175933115878807        0.4461491563660818
        2.4851698747880286        0.0000000000201983        1.0000000007322778
        2.7540716724961518        0.3331806790626228        0.4353380958877364
        2.7913208698746406        0.2506198640899731        0.5910726740182979
        2.8395888788553880        0.4211465386851527        0.4735697121226741
        2.8217042484220443        0.4889243944971327        0.6082391168721589
        2.8089800314160058        0.5320110256889865        0.4620729072366935
        2.7516937023248880        0.6939713840793770        0.4339861547793705
        2.7633869624113996        0.6251096779583311        0.5614957233489073
        2.8429545582107134        0.6355903429667092        0.7489158160341962
        2.7357200266188970        0.8022912238878593        0.7966982251228536
        2.6873898723799226        0.7499599654776552        0.6285087298550007
        2.8850656735099176        0.9008487731211375        0.4866108307408202
        2.8070381138429479        0.8756646374549790        0.6222995619480187
        2.7434471560206632        1.0000000000000000        0.7597844211304652
        2.8382120582680175        1.0000000001702722        0.4731011117336829
        2.7432739254367453        1.0000000000000000        0.5624972326237998
        2.5859613972061983        1.0000000000000000        0.6860715876284539
        2.8667958685468804        0.0000000000001632        0.4819301395679212
        2.9020931577710356        0.0000000000000000        0.6092593344910866
        2.8159636910837751        0.1037929596661987        0.4648985233619275
        2.7649565795401210        0.0000000000002191        0.5626166224045290
        2.8811940236750742        0.2004268432052360        0.4856800798873411
        2.8453530130866067        0.1239651867157473        0.6076276390905877
        2.7422503225173065        0.0000000000000000        0.7388499288945959
        2.8570252050166838        0.3085362627199371        0.4791223309338428
        2.9009791175137924        0.3271277903614911        0.6228679985593100
        2.8678915425684206        0.2023371591943529        0.7817214089135980
        2.9701796933009512        0.2649558387267155        1.0000000000000000
        2.9402128455775207        0.3919375160648694        0.4964126269204507
        2.9214993959313156        0.5030866737648994        0.4937992053064650
        2.9047804368357339        0.4392489669153477        0.7842267838445027
        2.8812657724575939        0.6064153023736962        0.4856976253015924
        2.9671417974793193        0.7458735030221987        1.0000000000000000
        2.8473910086854080        0.7028363402783455        0.4761412561110190
        2.9123412956874946        0.8004631416180680        0.4922559817440749
        2.8663559248737736        0.7344523029914303        0.6098082680681706
        2.9535363936201162        0.8665068824724943        0.6066081130350182
        2.9516458383738811        1.0000000001418774        0.4976563825572348
        2.8792171661581856        1.0000000000000000        0.6008661667834451
        2.8205138437219643        1.0000000009921737        1.0000000007241878
        2.9844858551389835        0.0000000000001794        0.4997592533901751
        2.7977926398096988        0.0000000000161240        1.0000000005018832
        2.9293055809730197        0.0930537789748199        0.4949770693390759
        3.0461320835977848        0.0000000000000657        0.6126667870934847
        3.1578778903253264        0.0000000000000000        0.7478956398575797
        2.9500960306982180        0.0000000000000000        0.7691479379742291
        2.9789184563325497        0.1803251816461060        0.5460301345087989
        2.9924741285371401        0.1619264118414534        0.6662318704168416
        2.9732547868872241        0.2819792426371135        0.4992841812449320
        3.0514552658044933        0.2981036340844262        0.5975744156126445
        3.0441723416127711        0.3817124209228918        0.4980449821416181
        3.0546370320195146        0.3585200300912439        0.7501002909735641
        3.0398686865169924        0.4912540271854088        0.4984079532224679
        2.9847666212487622        0.4549273466416013        0.6131369394080020
        3.1277027456562942        0.4693823553651432        1.0000000000000000
        3.0038795355134398        0.5896663751593710        0.4999849490202213
        2.9316914066402240        0.5940201340654166        0.6095040596820930
        3.0448930818881794        0.5979427901677428        0.7815068395847101
        2.9584300679221180        0.6934446787584913        0.4982689441928327
        3.0853016918740268        0.5816480082456477        0.6107975945862308
        3.0220829463462500        0.7900205823260555        0.4995121054524900
        3.0195933482096931        0.7229326756835887        0.6316666958867126
        3.0079781012543969        0.9002072934059009        0.4999363459360563
        2.9470007453282401        0.8226252628502719        0.7731085765988525
        3.0773227323704857        1.0000000006939809        1.0000000004785452
        3.0703206261134302        1.0000000001341123        0.4950303116630781
        2.9354044472034055        1.0000000000000000        0.7580563410319117
        3.1014883132294155        0.0000000000001353        0.4895917914381672
        3.0502765033548807        0.0977742325983982        0.4974658513166956
        3.0558299759141603       -0.0000000000029935        1.0000000006587253
        3.0824406618834530        0.2109595023423198        0.4931567066037105
        3.1270713285521028        0.3147953017393387        0.4835833717778182
        3.3021008063829376        0.2889255301535268        1.0000000000000000
        3.1340348090950392        0.4436070539595200        0.6013703116024305
        3.1409788914502634        0.4393125677307227        0.4797134062807239
        3.1294989797373081        0.5627222959494358        0.4829389343123076
        3.2236654347369038        0.5754128674811798        0.5657975739193581
        3.0721143789280334        0.6760390301771483        0.4947721863224486
        3.2435167913164822        0.6234732049956747        0.7303139023912136
        3.1216485952745634        0.7844511590985995        0.4849758955533001
        3.1619993710358574        0.7208141529826271        0.6000131356554143
        3.1268193728351514        0.8963405923125441        0.4836495081179975
        3.0944499906639571        0.8632583108318850        0.6092681530228665
        3.1776159410816893        1.0000000001270510        0.4673891070653349
        3.0272552031328415        1.0000000000000000        0.6032153937024088
        3.1077076906016345        1.0000000000000000        0.7473792624964555
        3.2172820990772046       -0.0000000000000139        0.4503204296556829
        3.1640133868193976        0.1073498674111329        0.4723342132278544
        3.1816076073357831        0.0000000000001148        0.5657819669702269
        3.2019209641989126        0.2210856028424168        0.4885720557178400
        3.1336297944438516        0.1447918411233155        0.6082606863007591
        3.1055774226660628        0.1854059335631595        0.8086864058320187
        3.1929926210284378        0.3008088243383639        0.6224974549447979
        3.2289254596823755        0.3592839968870857        0.4868540914658759
        3.2275595993751125        0.4804024975571336        0.4452152611251330
        3.2438932903629540        0.5851565414048704        0.4364814577000171
        3.1783107705029119        0.6736918596808027        0.4671244685866270
        3.1467587639865049        0.8068096547106831        0.7862932843799688
        3.2580183406452656        0.6810923178104381        1.0000000000000000
        3.2248817604174103        0.7866191585983537        0.4763903450479831
        3.2321295081360328        0.8937763018112107        0.4428497391411103
        3.1771837469871036        1.0000000000000000        0.5812025352211148
        3.2644985770672461        1.0000000001059406        0.4243117989510621
        3.3187226231915226        0.0000000000000798        0.3852478285249588
        3.3236162499912929        0.0000000000000994        0.4978135553893771
        3.2977995752575291        0.0000000000000000        0.6452445555301961
        3.2711526140658362        0.1141876380449517        0.4200907757678853
        3.4141885993647660        0.0000000000000000        0.7765526533382402
        3.2895637975320677       -0.0000000000027427        1.0000000006740182
        3.3401861776688597        0.2049714510496369        0.3664333016021482
        3.2785593977023213        0.1374061522378066        0.5637864325636665
        3.3365726097795898        0.2880497263469784        0.5683663884495064
        3.2787986676712513        0.2018798144249929        0.7481995710317421
        3.2704297524615549        0.2686345096637591        0.4205564753794456
        3.2979745537884733        0.3868561916614634        0.4015111023825244
        3.2976457959791858        0.4494230691196463        0.5790444580694688
        3.3193192832579781        0.5001822388258087        0.3847534214787585
        3.2307520950601862        0.4450577264256445        0.7651875737971316
        3.3367683244871262        0.6143666331734893        0.3695769143522544
        3.2777179652426764        0.6927962153181380        0.4157796673497485
        3.3148801659383884        0.7141842153231285        0.5679946655725160
        3.4389770875253842        0.5936009068309709        0.6735207622091715
        3.3082435097096270        0.7910574471807758        0.3936825354545095
        3.3315708855908563        0.8984136956111684        0.3742469075737236
        3.3498749558661900        0.8594488240383349        0.5001916434195524
        3.2486468904983639        0.8588175786442916        0.6128026038383402
        3.3315921721693917        1.0000000000000000        0.5587534995386265
        3.3808791494247279        0.7970802005269638        0.7722042090488411
        3.3415148386687497        1.0000000001717604        0.3651953105387238
        3.2776393847136376        1.0000000000000000        0.7425775243331427
        3.3111604602188742        1.0000000005872864        1.0000000005614376
        3.4043203840784031        0.0000000000001440        0.2941513673757046
        3.4337681201929571        0.0000000000001118        0.4048979636816931
        3.4718536451883364        0.0000000000000000        0.5672696884546704
        3.3634356561478973        0.1009365792366878        0.3433868428485675
        3.4033920964206730        0.1476096497943992        0.4860638910046518
        3.4137672518953255        0.2074866800191930        0.2807074300031804
        3.4840017779493437        0.1410885868161099        0.3583082123869521
        3.4743622961588780        0.1803617443117277        0.7003299318141715
        3.5818892335387811        0.3205935272105566        1.0000000000000000
        3.3969453640152976        0.3113915123058391        0.3040302255221266
        3.3927311447967470        0.2968281425778897        0.4363418826304576
        3.5143757949364574        0.3270958748849399        0.5686965034131681
        3.4042788786156262        0.4096944786821267        0.3584191069649911
        3.4403983488317182        0.4481225208506570        0.5051330844593200
        3.4041173446031348        0.4868011266446651        0.2944302494495278
        3.4144622964748796        0.5932836048743074        0.2796801830676766
        3.4341510069554184        0.5575557552711380        0.4031680482073857
        3.3572206291764388        0.5854775887689477        0.5057541765310647
        3.3826354707830495        0.6987161004511440        0.3218541540801271
        3.4158903059653527        0.7165158968887247        0.4415680672869434
        3.4801714923030254        0.8034896841665157        0.5807285203356202
        3.3859188071010364        0.8031126619054940        0.3179098525143773
        3.4646541845197545        0.8711710395275269        0.4067209258005690
        3.4134101558418410        0.9002879157315316        0.2812330760184950
        3.4767296012749340        1.0000000000000000        0.7107547262043742
        3.4005718130301426        1.0000000001715141        0.2992360648921776
        3.4032060514565301        1.0000000000000000        0.4454360510510681
        3.4999829090159440       -0.0000000000015591       -0.0041340485550464
        3.4919214566880425        0.0000000000001488        0.0895169276151956
        3.4622740860933106        0.0000000000001501        0.1905325936376847
        3.5367704375165743        0.0000000000000000        0.2848949692864938
        3.5775425499635394        0.0000000000000000        0.4359790851976165
        3.4999995376263238        0.0978657126267140       -0.0000000000000099
        3.4847599193452146        0.0969314811701189        0.1225064104299071
        3.4374858764487763        0.0952949226648556        0.2420869841768571
        3.6233102851730079        0.1106079854686318        0.2802581906907093
        3.5895569900585316        0.1759997416959221        0.4812428837195980
        3.6829148606898663        0.0000000000149387        0.6680983239597524
        3.4999999999195950        0.1951713462313623        0.0000000000001249
        3.4902572429860714        0.2372982270537539        0.0982233969057072
        3.4642125198000979        0.1798739167777226        0.1857598892679568
        3.5588630783685344        0.2327430063089381        0.2553185129771396
        3.4999957439228857        0.3066916304241556        0.0000000000001201
        3.4571541991300903        0.2937360585653244        0.2025093534079987
        3.5175160756221397        0.3096253379252725        0.3759898090254656
        3.4257991199103550        0.4099000394152157        0.7474256857597205
        3.5603420816623697        0.3965504903029122        0.0000000000001002
        3.4880911737787743        0.3497461113256322        0.1084758317749086
        3.4840038151750123        0.3948212480467498        0.2420250639986881
        3.4999958197446710        0.4859646092450837        0.0000000000001190
        3.4868114729859374        0.4410604756449538        0.1140815049395038
        3.4569196045551585        0.5021843552146255        0.2030381121197634
        3.4999999999211178        0.6035472820052450        0.0000000000001314
        3.4906007417671723        0.5468501360246822        0.0964930680282292
        3.4800846103811516        0.6076620658489654        0.1919532545133585
        3.5552334010147946        0.6191674575379345        0.5066109624343963
        3.4999999998816032        0.7075889656921823        0.0000000000001174
        3.4890880734938574        0.6723240466173567        0.1038886729440080
        3.4458415117696255        0.7043384103151749        0.2263301711725038
        3.5135610749710544        0.6368973384727787        0.3291248362237125
        3.4999999999028972        0.8044849834742442        0.0000000000001064
        3.4882375335478102        0.7781090774860594        0.1078151697821356
        3.4515304313154855        0.8088300462989467        0.2147563028086762
        3.4999986810385688        0.9051051491370120        0.0000000000000668
        3.5385369224449028        0.8776758029014847        0.1169657236171676
        3.4655399136600167        0.9065825870228112        0.1824077541921511
        3.5096749243483285        0.7674317872961675        0.3366493151001962
        3.4999817302273639        1.0036839122756216       -0.0000000000009952
        3.4880898204096420        1.0000000000889024        0.1084819203161532
        3.4514488148513003        1.0000000002012850        0.2149278191076587
        3.5213153993781909        1.0000000000000000        0.3486107953397697
        3.5858810825955039        1.0000000010344563        1.0000000009283989
        3.6021828724667420       -0.0000000000010440        0.0000000000001636
        3.5989008135119951        0.0000000000001459        0.1471717947782014
        3.6388342164860910        0.1297034294012544        0.0000000000002172
        3.7485487300623515        0.0000000000000000        0.4017692433905537
        3.6251924521012335        0.2579454429585691        0.0000000000002001
        3.5844380439768675        0.1527475263886091        0.1230609344870505
        3.7760838737506583        0.2220099124606502        0.3831178951964833
        3.7382202562315081        0.2250636432098940        0.6846712952513891
        3.6055852823489540        0.0000000000178285        1.0000000008771859
        3.6036016315230377        0.3148831446704086        0.1281763404978936
        3.6399520129524436        0.3592555090451903        0.2755602556734793
        3.6649776828572622        0.4165464195177344        0.4812270265688900
        3.7223646699040462        0.3826693501863769        0.0000000000000000
        3.6148298795849385        0.4638646430583975        0.1243452249132000
        3.5409305898471501        0.4783673538225786        0.3611144322331990
        3.6211261634673231        0.5372297638906789        0.0000000000000000
        3.6007509129565771        0.5330091960343932        0.2401058936847788
        3.5956726690081635        0.6209260008169866        0.1100269889464006
        3.5287949274761621        0.6322607597093620        1.0000000000000000
        3.6336496422226516        0.7017508121634488        0.0000000000002127
        3.6745434446473948        0.8214036665879492        0.1373161743709763
        3.5703381584243958        0.7242781668160109        0.1989714261359013
        3.6622793869529287        0.6754591326419876        0.3257039912176515
        3.6602967123256316        0.7670066839556178        0.7430672830941882
        3.6214137892840279        0.8596648043852287        0.0000000000000000
        3.5976456420718481        0.8649674828047630        0.2722181115534889
        3.6382980974278354        0.8328091175010337        0.4605458341118315
        3.5355310699415710        1.0000000000000000        0.5184092681713913
        3.6022865632787613        1.0000000002308691       -0.0000000000013441
        3.6116266893266280        1.0000000000000000        0.1132931178056094
        3.5767779621689342        1.0000000000000000        0.2302694227814879
        3.7626211485178263        0.0000000000000000        0.1808660644150513
        3.7559480874828890       -0.0000000000015615       -0.0000000000014374
        3.7364293710013623        0.2022726091210116        0.1645603366036410
        3.7920047000166091        0.4958342002430803        0.3484352355133469
        3.6887161713452095        0.4961397760855867        0.7068993914750269
        3.7971414757025745        0.5675739587937203        0.0000000000000000
        3.7466375981024491        0.6367414714074717        0.1539179261226169
        3.8280511909768746        0.8098058649427886        0.2787351095361855
        3.7938654520715827        0.8051382726563913        0.0000000000000000
        3.7615485816867880        1.0000000000000000        0.1780616801958169
        3.7188638179324083        1.0000000000000000        0.3825696844960259
        3.7381236950261951        1.0000000000000000        0.6568398506465192
        3.9999999973622127       -0.0000000000029521        0.2651958343724725
        3.8292551422930088        0.1988769544428760        0.0000000000000000
        3.7915748583196449        0.4081055485527135        0.1650883752135823
        3.9999999955764700        0.6700226888986894        1.0000000013654260
        3.7784700903252570        0.6846639936178764        0.5124153138709860
        3.9999999893055262        1.0000000023556224        1.0209080575174976
        3.7596219607649872        1.0000000003416065       -0.0000000000017887
        4.0272429248850505        0.0000000000357253        1.0000000023948468
        3.9999999951206400        0.3617476098850904        0.5508064362332519
        3.9999999968978788        0.3810878070601517        0.0000000000146213
        3.9999999959125807        0.6162421798566813        0.2460268753568594
        3.9999999946651408        0.6924619642439185        0.5704389923835852
        3.9999999968692106        1.0000000004431895        0.2507746130801585
        3.9999999964072432        1.0000000010423715        0.5387167179608255
        3.9999999957646502        0.0000000000150815        0.5718551645416592
        4.0101509726043165       -0.0000000000026543       -0.0000000000029843
        3.9999999962901547        0.2674363426727385        0.2442816379378119
        3.9999999938169339        0.3559096138330842        1.0000000012304933
        3.9999999969253874        0.7142536344654267       -0.0000000000024743
        3.9999999959305459        1.0109485001590626       -0.0000000000031163
