        0.0000000000000000        0.1000000000000000        0.5000000000000000
        0.0000000000000000        0.9000000000000000        0.1000000000000000
        0.1000000000000000        0.6000000000000001        0.1000000000000000
        0.1000000000000000        0.7000000000000001        0.1000000000000000
       -0.0000000000018339       -0.0061883781764463       -0.0000000000031666
        0.0000000000183985        0.3955320746751990        0.6332226609249230
       -0.0000000000025113        0.3335139129428378       -0.0000000000033809
        0.0000000000157307        0.3813300916924352        0.2615990950921948
        0.0000000000190538        0.6680400499117934        0.4156637241675857
       -0.0000000000033781        1.0000000009327090        0.6053329617658251
        0.0975073044491741        1.0000000008136267       -0.0000000000035456
        0.2790482733885457       -0.0000000000015094       -0.0000000000017158
        0.2507052120567025        0.0000000000000000        0.1544330165646665
        0.2758673226108300        0.0000000000000000        0.3655103604404656
        0.2325461583618914        0.0000000000152278        0.6377056389348358
        0.2240110337948049        0.1898244122812787        0.0000000000000000
       -0.0000000000030712       -0.0000000000034082        0.2598434437961393
        0.0000000000301422       -0.0293916859553101        1.0000000018307096
        0.3784883476181140        0.2871879669970346        0.0000000000000850
        0.1691301951411101        0.1760296322164883        0.2034941709617644
        0.2433574641381615        0.4211223965475400        0.0000000000000000
        0.3010133697421462        0.6283131814256108        0.0000000000000000
        0.2931694935436199        0.5373704845913015        0.1657654456954975
        0.0000000000464084        1.0000000016678108        1.0251811050014457
        0.3080092619157341        0.7487050918235050        0.1564108155173629
        0.2192741539907176        0.7803602997371621        0.3417639198656832
        0.2021483098663159        0.7461804347829488        0.6629390931330921
        0.2541393243943527        1.0000000000000000        0.1962704285697037
        0.3483531827727862        1.0000000000000000        0.6867495725735643
       -0.0000000000023563        1.0000000009535666        0.3121656294515985
        0.2839674493272767        1.0000000000000000        0.4259952750346567
        0.4086143990486659        0.0000000000001786        0.1762222638629747
        0.4399199143875778        0.0000000000000000        0.4923422253795153
        0.3730408600106581        0.1436753304009723        0.2822425788647575
        0.3700886108852476        0.1553639622433147        0.1115550317956547
        0.3955893680598808        0.1827245785937940        0.4827569283899708
        0.3038946880432052        0.2361439307062718        0.7081079920789808
        0.4194350034105323        0.2711392393886667        0.1784486627659338
        0.2441025097081783        0.2775867265397251        0.4124697029520996
        0.4086743339461213        0.4096893893940971        0.0969243419874689
        0.4341485104371701        0.5268142981989818        0.1996691264924811
        0.2626357524901389        0.3445914599785541        0.1767268596586490
        0.2410605479908249        0.5110788835302618        0.3596712376991148
        0.3925697393366724        0.5119777467070509        0.0000000000001356
        0.3772324610890305        0.6209154076468326        0.4580794309912523
        0.3921525056021486        0.6606195560375779        0.2679610645663580
        0.4132732171931956        0.6937632406303248        1.0000000000000000
        0.3995456812984136        0.7591122054054985        0.0000000000001256
        0.4017048909251900        0.8117844145768465        0.4900381055786011
        0.4187676103461319        1.0000000012368764        1.0000000007571859
        0.2522099038030765        0.8238494137895965        0.0000000000000000
        0.3904756603168691        0.8847776023797337        0.0987862453447809
        0.3750036564367998        0.8744982432800319        0.2786985251423300
        0.4130267615294441        1.0000000001281710        0.0000000000000917
        0.2968058933520541        1.0000000003159430        0.0000000000002082
        0.4227127214646069        1.0000000000000000        0.1846762319750769
        0.5000059251883712       -0.0016547080249170        0.0000000000001417
        0.5123358677373241        0.0000000000002049        0.1103797722820905
        0.5489059577634089        0.0000000000001285        0.2156714285119287
        0.4725832641827921        0.0000000000001597        0.3181513098271905
        0.5083459324004300        0.0000000000000000        0.6966902705236790
        0.3958354930300776        0.0000000000183645        1.0000000007195224
        0.4003229550858949        0.0836588199299378        0.0000000000000000
        0.5073676773797352        0.0927595857770733        0.0855183883791502
        0.4936040960681938        0.1130577567491677        0.1984780476284841
        0.4999999999652440        0.1493982503933348        0.0000000000001787
        0.5124419475790468        0.2047099674413642        0.1108473974411989
        0.5531158442842522        0.2146648077006123        0.2242644674713837
        0.5000044479452430        0.2508424251412616        0.0000000000001228
        0.5093172602914277        0.3194830776972978        0.0960752258717113
        0.5434609912588735        0.3247997997034823        0.2038924557635061
        0.4705176880630587        0.2701209996831837        0.3240125531620669
        0.4999999999803861        0.3633939048264919        0.0000000000001723
        0.5245589251570738        0.4237041610125378        0.1547765626708487
        0.4157640816055143        0.4034073633869669        0.2647131998118200
        0.4190784572437729        0.3965653009740302        0.4383842910254607
        0.5893828836536101        0.2084689696169540        0.7728478253726533
        0.0000000000307509        0.5248778698780860        1.0000000015829487
        0.5000040835698726        0.4619514208587234        0.0000000000001176
        0.5092806179024590        0.5222917287775305        0.0958878932058319
        0.5505387382851549        0.5192404328226881        0.2190538158478334
        0.4868832620828894        0.5312579078125003        0.3420266683204406
        0.3164965475930580        0.5036204395805370        0.6400951973570330
        0.5000052598235258        0.5819498754233917        0.0000000000001335
        0.5266327201272045        0.6223560265831101        0.1610075103126287
        0.5000052014970473        0.6832555207448447        0.0000000000001328
        0.4243381714726324        0.6384512560385647        0.0997123359298402
        0.5506722504689361        0.7038383996785121        0.2193275484426277
        0.5001505727799201        0.6941836983187933        0.3553277205766358
        0.4836141928560085        0.7514916683954763        0.7414639342582814
        0.5000010093125197        0.8015326728690879        0.0000000000000585
        0.5107642005223574        0.7394648625675116        0.1031907578684827
        0.4654455041612888        0.7874217405261226        0.2008876191482959
        0.4999999999827252        0.8983833703508268        0.0000000000001091
        0.5125634873763821        0.8690403265491990        0.1113806365970055
        0.5495044452003456        0.8917535761734831        0.2169187753798464
        0.4942331186062427        0.8404389510540893        0.3453252565651138
        0.5000090457766370        1.0000000003696687       -0.0030076441680789
        0.5104165950122821        1.0000000000026577        0.1015287622791254
        0.5460880628238245        1.0000000001438223        0.2096758291928991
        0.4730942996913123        1.0000000000000000        0.3352978325461478
        0.6132589308717675        0.0000000000001547        0.3169090491682222
        0.5849039740912959        0.0000000000001705        0.4435867949464239
        0.5794960090593944        0.1028324843402377        0.2705113559182220
        0.5233939983901547        0.1314304580678335        0.3832989236376302
        0.6174731299909541        0.2082034489042021        0.3219832197267929
        0.5707605660517906        0.2757828452867481        0.4394757000722188
        0.5661560754942827        0.1416570388318790        0.5725174895468600
        0.6584322060178670       -0.0000000000022241        1.0000000005088205
        0.5986653750233463        0.3161239463798353        0.2982122043340959
        0.5161119627229037        0.3329179789483761        0.5928122070770668
        0.5680740669829411        0.4221504368389952        0.2720913006785671
        0.6213167203667606        0.5161180548041987        0.3264949827246811
        0.5487266939150761        0.4894899226106673        0.4843082100698236
        0.5828894536134990        0.6099010726862248        0.2757150560223049
        0.6156272096511298        0.6048022422789644        0.4150949947721975
        0.5268893712769432        0.4864907842085056        0.7493701950448323
        0.6216977660566300        0.6995354644727095        0.3269364155711887
        0.5869510003766479        0.7538555853650689        0.4540678446806453
        0.5379776792027812        0.6359898601542531        0.5722736385588615
        0.5806020390423868        0.7924430840044390        0.2722229791695536
        0.6130877302745690        0.9000414316570641        0.3167000088251586
        0.5805398929062516        0.9077047686473572        0.4283512174754798
        0.6005929070381943        1.0000000001793901        0.3007889194854130
        0.4872846091529208        1.0000000000000000        0.5078115181114198
        0.7052368692036667        0.0000000000001533        0.4038746052139272
        0.6853885761952070        0.0000000000000000        0.5493992947607353
        0.6553761783609110        0.0983098376491894        0.3622629177409248
        0.7004151804599100        0.2063915924410168        0.4003110490171973
        0.6518089072311393        0.1413853909838197        0.4755990816128945
        0.6719914548022023        0.3137761328807532        0.3773730174822720
        0.7068095217809873        0.2653954580491692        0.5625707102649409
        0.6507452963695222        0.4134643970615197        0.3578004360043378
        0.6607433162563187        0.3933432616823241        0.4967333741985503
        0.7075936727234484        0.5008759669654549        0.4055841956593454
        0.6971969768187086        0.5365551241274027        0.5519846493201416
        0.6989784919443514        0.3858264975714590        0.6884313666141554
        0.3581145327104142        0.3414101296825018        1.0000000000000000
        0.7492346841955372        0.6020052137258733        0.4325699439534990
        0.6966578967303196        0.7008333423366807        0.5525498656919687
        0.7103630773801007        0.6084428296048056        0.7359618238561230
        0.7041231446389594        0.6984788671426201        0.4030594081230607
        0.7273192874450856        0.7064118365859263        1.0000000000000000
        0.6574727281043415        0.8066556934451877        0.3642458895603493
        0.5641914150061211        0.8484173167038493        0.5867700468978468
        0.7114405675819332        0.9007582584926304        0.4083300796738702
        0.6541925006729422        1.0000000000000000        0.5154628941253894
        0.6093249723124822        1.0000000000000000        0.7139033880098239
        0.6711060550292122        1.0000000001635860        0.3766016104514658
        0.8445754360898641        0.0000000000001861        0.5881545790833131
        0.8961499158603426       -0.0000000000031693        1.0000000004876313
        0.7575361921089805        0.0975473612326088        0.4372771454151936
        0.7639711831296476        0.1352359150902076        0.5871195895681440
        0.8022878728629130        0.1991886760165616        0.4592492948129355
        0.7249871464164290        0.0000000000000000        0.7313853907764051
        0.7527008848668995        0.3007113354416203        0.4345608676058919
        0.8008512959397880        0.1934954842382914        0.7736529719550562
        0.7709806848489553        0.4068721214763196        0.4444661442289846
        0.8003380727616889        0.4154778245228450        0.5715725006600935
        0.8160491442529960        0.5064392164193577        0.4649323420347792
        0.8312523167384063        0.7151683138966257        0.6093442971461343
        0.8075180121272937        0.7008320356640266        0.4614657997941835
        0.7527574028284918        0.7958668241239721        0.4345930259217056
        0.7045615043604272        0.8186705003887660        0.7370193067945878
        0.7183998752814373        0.8548589751548883        0.5434208766073664
        0.7673647049681762        1.0000000001638274        0.4425842512890268
        0.7780530728558085        1.0000000000000000        0.5859572774190538
        0.8077608723863364        0.0000000000001723        0.4615670242005503
        0.9206443142166525        0.0000000000000000        0.7477344151112836
        0.8672676924811408        0.0998555835380647        0.4820603017758345
        0.9194306690006703        0.1426878100012223        0.6198786616245164
        0.9113220879855248        0.2048381750489818        0.4920733969011312
        0.8457554489427120        0.3080246830684324        0.4756139385026203
        0.8663488144207065        0.2903838736816270        0.6131279071437004
        0.8911728238837583        0.4069701118875899        0.4880129565274439
        0.9321121877999468        0.5082663412568275        0.4953698063180177
        0.8526073859666889        0.5600843895841440        0.6037267274956196
        0.8597635197606014        0.6071500355260248        0.4799309634183125
        0.9222471636037083        0.7020801442186141        0.4939174996243330
        0.9259185516609045        0.6228780492496352        0.7622701279364507
        0.8640570586576236        0.7984103101415383        0.4811647500635823
        0.8171289909648003        0.9001253522310696        0.4653581353245496
        0.8740328854230559        1.0000000001672469        0.4838721794592057
        0.9394133513286362        1.0000000000000000        0.6133770030903061
        0.9279481871116351        0.0000000000001527        0.4947813014750080
        0.9842933497704085        0.1023572626261615        0.4997532402591722
        1.0281949250307700        0.2100763654309100        0.4992044133087767
        0.9580903614161385        0.3055929077965173        0.4982404863488358
        1.0663102941849381        0.1524577572727372        0.6139267116172539
        1.0071890545792108        0.4081466287974991        0.4999483148436256
        1.0276332616953525        0.3246498657670738        0.5986633504851070
        1.0525096370276781        0.5056141942704835        0.4972350933576085
        0.9512671819142828        0.4432935581704799        0.6203809099338775
        0.8476967638863891        0.4318877259041489        0.7720507884495654
        0.6611334374173689        0.3751869342216113        1.0000000000000000
        0.9780153693302104        0.6060616026113957        0.4995164421965420
        1.0362469893546138        0.5728564448001978        0.6144408405278925
        1.0443756415716683        0.7001829774417679        0.4980269093967897
        0.9817919591246534        0.7206911492768873        0.6198982666785963
        0.8892083075963145        0.8129526428311544        0.7933762458696377
        0.9833968988371086        0.7998042839465036        0.4997242610006478
        0.9312504497101970        0.8999053558444292        0.4952509458319858
        0.9978381827333866        0.8730744189848946        0.6241531050729937
        0.8529813430593510        0.8632745921292717        0.6060797308980389
        0.9851603047958020        1.0000000001504419        0.4997797350012695
        0.8369468717471307        1.0000000000000000        0.7522443239192990
        0.7105121568687139        1.0000000006762488        1.0000000004104075
        1.0495210372074513        0.0000000000001281        0.4975416233045248
        1.1009288154246970        0.1062981552937032        0.4897074373733916
        1.1519580016839504        0.2137144182632247        0.4986594501525751
        1.0294891356963434        0.1352692691470108        0.7948503100255921
        1.0854904283893942        0.3080288014272282        0.4926371754687194
        0.9945175001510490        0.2896595486297109        0.7493268110198683
        0.8941834545985221        0.2661494688598905        1.0000000000000000
        1.1212083330958620        0.4110889530540509        0.4850861160829540
        1.1710001733177611        0.4188566206175917        0.5888965511531365
        1.1010068588198432        0.6052632867027748        0.4896913461430971
        1.0757786839230667        0.4439035240348273        0.7600684208804142
        1.1631400440834383        0.7038239276041141        0.4726365686570536
        1.1338936130184281        0.6118812561219460        0.7723559672688151
        0.9428317777005605        0.5467540245574667        1.0000000000000000
        1.1033090157847343        0.7979213991666030        0.4892108413124034
        1.0715074429244962        0.7876573031383243        1.0000000000000000
        1.0508015153484929        0.8972685706896369        0.4974125109440565
        1.0775191107709809        0.8027869991370108        0.7603901664750836
        1.0845808771286629        1.0000000001378913        0.4927941510254136
        1.0609450034469838        1.0000000000000000        0.7731284068184234
        0.9622371991501182        1.0000000008961167        1.0000000006215495
        1.1522335200022591        0.0000000000001234        0.4762614360327255
        1.0059543556865840        0.0000000000001083        0.6032597796605971
        1.1308304328041441        0.0000000000000000        0.7113462677574114
        1.2089827214442848        0.1058242141082959        0.4542314631746028
        1.2173429507448958        0.1281281744725356        0.5961488422776902
        1.2463300508923294        0.2250465676880254        0.4351109123633038
        1.1966688741487672        0.3254785323759659        0.4596970240852212
        1.2303508984398199        0.1798997719229767        0.7790701684589827
        1.2462518620265910        0.4314921126101480        0.4532409768860126
        1.1493831075194598        0.2837692112978563        0.6433825266174097
        1.2843232151012161        0.4079038535577810        0.7641770356898940
        1.1709567022514165        0.5103454938992217        0.4698657318376395
        1.2100650736519585        0.6099868348100217        0.4537319306607061
        1.1978089032367643        0.5624480730398881        0.6019217587662338
        1.2714963620479820        0.7052867675991781        0.4198687001933210
        1.1422697622005391        0.7114743183926105        0.6067530847834883
        1.2183954206468453        0.7982570028631961        0.4497815472432007
        1.1476381142684962        0.8651575556568682        0.6052736002812619
        1.2659042569672767        0.8030835402716660        0.7661911574321837
        1.1673957725250033        0.8987847364410795        0.4711461082729618
        1.2756661552555053        0.8551209078938905        0.5613801037071861
        1.4316279497119417        1.0000000000000000        0.7685704974238446
        1.1710019282373949        1.0000000001872653        0.4698492742777557
        1.0970273860482558        1.0000000000000000        0.5980565290839208
        1.2396961226511158        1.0000000000000000        0.6928551179383140
        1.2610364411233967        0.0000000000001714        0.4264504385256109
        1.2259491161739839        0.0000000000000000        0.5598804478204790
        1.1399593749285308       -0.0000000000029888        1.0000000003817768
        1.3099929042274234        0.0912129730656520        0.3923065119630917
        1.3398936168189017        0.1977522416374738        0.3667046894242908
        1.3195583636974206        0.1602576733991094        0.4937061800449197
        1.3740755298070917        0.3069562288130014        0.3317642204933253
        1.2888947618575126        0.2800304509318389        0.5954129135118491
        1.3226973395234385        0.3847106819498629        0.3819246353202352
        1.3264893521883030        0.3141134424723736        0.4608284310310165
        1.1517006183104022        0.3073064283106866        1.0000000000000000
        1.3295596230386839        0.4949925314995604        0.3760192214004499
        1.3082094224747778        0.5492530958079617        0.4978431810365329
        1.3389335261033506        0.4503708044413602        0.5885790146801587
        1.3088596136967809        0.6028906111486271        0.3931993629535471
        1.2891577464834194        0.6940059233171538        0.5542282632169350
        1.2374174290406366        0.5817689929321866        1.0000000000000000
        1.3580328855582975        0.6884809435289290        0.3490164077282765
        1.4236629893639632        0.8047429357259837        0.6246361305852012
        1.3523722475097890        0.6135650188231709        0.7342716065735984
        1.3215904165344845        0.7994341668249497        0.3828571587330930
        1.2709440746608200        1.0000000011468575        1.0000000004796874
        1.2748447218054830        0.8965857399706746        0.4176845448320290
        1.2538496703327655        1.0000000001528855        0.4307671585392171
        1.4498255373036075        0.0000000000001218        0.2183048002636066
        1.3597019579846459        0.0000000000002013        0.3472959852872162
        1.3965953178389907        0.1007658847995663        0.3044867055688802
        1.4429535870540260        0.0982711404198948        0.4152076961386480
        1.4161439334114336        0.2168577000931881        0.2771718360239009
        1.4166180588692407        0.1325137016185272        0.5835768376369813
        1.4446714217784695        0.3265548151579189        0.2286204860757549
        1.5029954618877650        0.3318332993123563        0.3646657842906447
        1.4022222662507418        0.4205236791005109        0.2970138860930872
        1.4575206775719554        0.3296721058393539        0.5528584075115136
        1.4067722038330781        0.5401965891457401        0.2907513958500985
        1.4165750153708301        0.4441394381367626        0.4438935856549273
        1.5493607160859999        0.4604940244653188        0.7028829210737413
        1.4174857985576528        0.6554304008847042        0.2751465209714251
        1.4282998330784697        0.5829061932834108        0.4027358977650901
        1.4573972652554374        0.6083000217709026        0.5555677489669198
        1.5157806888294152        0.7173651204148243        0.2285186548569157
        1.4166212054272642        0.7350019644574580        0.4520993422071732
        1.4615969077648641        0.8078084414657797        1.0000000000000000
        1.4579971593035128        0.8071115188029119        0.2005956182719672
        1.4035530370032210        0.7762609017059123        0.2952032288534071
        1.3717126672790063        0.8926264166889245        0.3344094690410647
        1.3997197610654311        0.8781888252948586        0.4660264962043013
        1.4052583133376539        1.0000000001407803        0.2928578143401526
        1.3293999184596865        1.0000000000914768        0.3761591332425138
        1.3003562831869242        1.0000000000000000        0.5317433853581991
        1.4547519009626380        1.0000000000000000        0.5788887141449667
        1.4999830959772233       -0.0021916153784325       -0.0000000000009573
        1.5058185048647943        0.0000000000001928        0.1139788146211988
        1.3672054606002852        0.0000000000000000        0.5037661667798794
        1.4999999999130718        0.1109823644263398        0.0000000000001272
        1.4880679065048310        0.1066226287830134        0.1085804708038765
        1.4492732438406271        0.1186150057129570        0.2194391769236307
        1.4999992496055639        0.2246218423974585       -0.0000000000000126
        1.5728251031838762        0.1840958692790019        0.1072744060089429
        1.4704839699267092        0.2143813970477536        0.1692478479686034
        1.4438738038344059        0.2278844308512256        0.4246871994407049
        1.3254566067876545        0.0000000000000000        0.7111254674372383
        1.4999959201930213        0.3440830778320629        0.0000000000001176
        1.4879043047303036        0.3017962534758264        0.1093132628075804
        1.6078494188641119        0.2240215538031368        0.5340170807427636
        1.5959904454060498        0.4192277976827985        0.0000000000000748
        1.4902030526779892        0.4166771578934595        0.0984934878313312
        1.4578580522956905        0.4796679646695896        0.2009129262839917
        1.4580167423628547        0.2298319584359077        0.7452536566206200
        1.4999939918095437        0.4853934453483587        0.0000000000001427
        1.5797060842813304        0.4638151539380816        0.4801723889465819
        1.4397523786156221        0.2380497214292915        1.0000000000000000
        1.4999959369677196        0.5992501026933116        0.0000000000001173
        1.5299607968197553        0.5341786186936603        0.1076868896691438
        1.4605397337326793        0.5967204185305214        0.1946873227856218
        1.5260100128942395        0.4844436104837923        0.3307806407855232
        1.5089971187782507        0.4835348479102589        1.0000000000000000
        1.5616007750386198        0.7014051990708158        0.0000000000001153
        1.4890175480164380        0.6537701870951295        0.1042201407214110
        1.5417810621932162        0.6556514415845075        0.3838619977203255
        1.6844343092037450        0.6627756241527079        0.5518804833951502
        1.4999999999126519        0.7991507248704423        0.0000000000001195
        1.4890764145707924        0.7595649376299162        0.1039435457860580
        1.5852710686138229        0.8309987255002332        0.4932371975461963
        1.5809068641379034        0.7344541635489357        0.7475642202005810
        1.4999999999478446        0.9008313708041479       -0.0000000000000138
        1.4852700826102572        0.8891807074154697        0.1204696929664647
        1.4390114908969884        0.9007457050490020        0.2393092368890167
        1.5013145863553612        0.8386486738653952        0.3480793453671925
        1.4999796022138743        1.0032965864654488       -0.0000000000010515
        1.4924135632930939        1.0000000000951494        0.0867691331304754
        1.4615164739112103        1.0000000001078693        0.1923604538610698
        1.4244211812061625        1.0000000000000000        0.4174050513686025
        1.6044209176765962       -0.0000000000010804        0.0000000000001705
        1.4972343157897752        0.0000000000001997        0.3257769105133747
        1.6405549006582523        0.1261389195674315        0.0000000000001613
        1.5637408753106876        0.0807475512158581        0.2184481507822355
        1.5884891158372041        0.1573160714297949        0.3594489030771720
        1.5497859432459964        0.0000000000000000        0.4891855679635893
        1.5531727206681210        0.2430079157046993        0.2445432087308295
        1.6239969655956412        0.2706246474418332        0.0000000000000000
        1.6390655121632418        0.3228467649383764        0.1370966588678003
        1.7229753773267560        0.1670284878393658        0.1954510643105017
        1.5457839895795586        0.4005442733993151        0.2177702207855380
        1.6683617455503905        0.3446797385603157        0.3320714136926731
        1.6405933231361631        0.5587947891754812        0.0000000000000000
        1.6774839326654880        0.4812670750725228        0.1495121859483260
        1.8083287784004667        0.4382189949067060        0.5665525756687813
        1.5716791390134901        0.5755480337879632        0.2438529024313708
        1.7264784557005257        0.7166692684079865        0.0000000000000000
        1.6360819859903502        0.6572746112677729        0.1387245423533297
        1.6563406054097143        0.7428426324830038        0.3073211516829449
        1.5947828302931626        0.8012469104716000        0.1141522068707469
        1.5848771882765276        0.8748077612062930        0.2306992156501768
        1.7721214969887620        0.8258833446642520        0.1677897518679917
        1.5767667608932336        1.0000000000000000        0.4431590328623945
        1.8124065440337285        1.0000000000000000        0.5008149461028186
        1.6856155137822249        1.0000000000000000        0.6786636207138771
        1.6117709888775393        1.0000000002571201        0.0000000000002266
        1.5742878119937511        1.0000000000000000        0.1570060731868042
        1.5252088312380341        1.0000000000000000        0.2995094421307377
        1.6664487494230351        0.0000000000000000        0.1433001718468984
        1.6802061149847669        0.0000000000000000        0.3360426576526770
        1.5474201199200057        0.0000000000000000        0.7088265844125325
        1.3907476806571539        0.0000000000194585        1.0000000004847129
        1.8262130414897058        0.2106429958071803        0.4205762734072479
        1.7601106538304083        0.3816623617236922        0.0000000000000000
        1.8473806599526197        0.6198833916479964        0.1946089164087297
        1.6462285079972616        0.8640597655485133        0.0000000000000000
        1.7245247811424953        1.0000000015959067        1.0000000015306014
        1.7049501849907895        1.0000000000000000        0.1321627328862756
        1.7939747244068118       -0.0000000000020471       -0.0000000000009785
        1.8229452983412577        0.1906072224225730        0.0000000000000000
        1.7578027554694378        0.0000000000239499        1.0000000011105696
        1.7640614814221924        0.2327384433860691        0.7665899014210147
        1.7298511428135948        0.5383737600561110        0.3427599101021438
        1.8419314901483059        0.7807792527675870        0.4204670025013986
        1.9545450690955910        1.0000000000000000        0.2322693215858752
        1.7027645085689125        1.0000000000000000        0.3044327288202807
        1.9013115694149245        0.0000000000000000        0.2566119825069983
        1.7891628560057991        0.0000000000000000        0.5716471028099046
        2.0858459075870019       -0.0000000000014616       -0.0000000000017905
        1.8587352408308484        0.3464563485913359        0.2052745559429033
        1.8166270747128039        0.5018328887841318        1.0000000000000002
        1.8149629171540571        1.0000000003333265       -0.0000000000023756
        2.2158901436319538        0.0000000000000000        0.2920825475410801
        1.8647398304234200        0.5349235748550117        0.0000000000000000
        2.2542783555612576        0.0000000000231386        1.0000000008444567
        2.0761726844682982        0.3076481629207247        0.0000000000000000
        1.9656201428259292        0.7803218750400078        0.0000000000000000
        2.1439825887919897        0.0000000000169900        0.5835375335099177
        2.2018677640577389        0.1638852804029653        0.1523877999146817
        2.2710216208499343        0.3156670384200583        0.0000000000000000
        2.1904596646690919        0.5759925837258989        0.0000000000002109
        2.0706696350119334        0.5270846465825432        0.3922902596300785
        2.2427990219227745        0.8022675863060179        0.0000000000000000
        1.9395551727477918        0.7282769097455067        0.7882549655781468
        2.1578890753298796        1.0000000005007559       -0.0000000000017574
        2.1616162339880631        1.0000000000000000        0.6927383771921840
        2.2640737141517753        1.0000000000000000        0.1758663503136997
        2.1923160871451990        1.0000000000000000        0.3823281969345097
        2.2726303616929147        0.0000000000002270        0.0000000000001935
        2.3987350569438801        0.0000000000000000        0.4139933527030248
        2.3976507846910478        0.0000000000000000        0.6479203884566337
        2.5751962226621004       -0.0000000000032587        1.0000000003015093
        2.1563390316128563        0.2550993381283788        0.3816289919826722
        2.3523980937490032        0.1527288701728510        0.0000000000000000
        2.3402491774095164        0.3021411367196201        0.2658642938797858
        2.3851336442382807        0.3864000639289464        0.1202382584812664
        2.3628625514607275        0.4733119282292991        0.0000000000000000
        2.1981132775299383        0.4291535919286006        0.1714128409359983
        2.2337908530665094        0.5304658524819286        0.6372466839354728
        2.2599558670854023        0.6184179491520576        0.2497311434620419
        2.3240592978421040        0.4561861535586407        0.3804932597416398
        2.3969863554086328        0.8117509513291136        0.0000000000002178
        2.3457164085042472        0.8244013934218926        0.2902637988353221
        2.1569674968984822        0.7845268478808624        0.1980161429251128
        2.3901875255647673        1.0000000000000000        0.3466521503880966
        2.4781476158082749        0.0000000000000000        0.2656762025836912
        2.4095074132194783        0.0000000000001603        0.0000000000001101
        2.3606924754818981        0.0000000000000000        0.1543331877986514
        2.3970407522159247        0.1278439144971515        0.2538088312170414
        2.3410045700535100        0.1642724473408274        0.4364223854449167
        2.4837800239765744        0.2046176363258445        0.7460676421424249
        2.4088115351815533        0.3059680367678100        0.0000000000002188
        2.3899674501284678        0.2315063406947299        0.1326718365629330
        2.2037025860967221        0.2565073788151495        0.6778631937435289
        2.5897551780735748        0.3132489993552395        1.0000000000000000
        2.4483195662910613        0.4308199846823202        0.2323705303202244
        2.2811913350190842        0.3743892973707919        1.0000000000000000
        2.3781382721107147        0.6409263346324019        0.0000000000000000
        2.3364257580268637        0.7032814318942815        0.1106582571845981
        2.3738863242544763        0.7538961423788366        0.6629601526141558
        2.1997021376704886        0.7859044007709222        0.4649955060965747
        2.3452199080943945        0.7161969363573487        1.0000000000000000
        2.3541448952363133        0.9757924072660058        0.0000000000000000
        2.3832953676096218        0.8627236191906105        0.1395168183631288
        2.4219317680888817        1.0000000000000000        0.0934118300656206
        2.4417045618134385        1.0000000000000000        0.2272951226898282
        2.3900215201029127        1.0000000000000000        0.5353979425768950
        2.3125682839940431        1.0000000015667070        1.0000000013320356
        2.5000042021059352        0.0000000000001749       -0.0020498457181130
        2.5171368937849006        0.0000000000000982        0.1297814338082043
        2.5997732050270828        0.0000000000000000        0.6770598059240941
        2.5000000001394107        0.1026724362161168        0.0000000000001464
        2.4533272818794569        0.1025024349196711        0.1037063692339072
        2.5578462740549028        0.0663877145347256        0.2334525275786665
        2.5000000000443769        0.1975438471834915        0.0000000000001627
        2.5093275894973162        0.2309514561170529        0.0961279645653947
        2.5307145410911724        0.1506274806618053        0.1725432063476603
        2.5000017123406484        0.3061752354800081        0.0000000000000762
        2.5141879480793525        0.3462077253060104        0.1182651690424955
        2.5422246055310089        0.2642018821759990        0.2011011890038431
        2.4759002692674965        0.2617057350285797        0.3303619176182143
        2.5893026156744283        0.3544537646774405        0.6163503571846348
        2.5000012697335601        0.4105747397221827        0.0000000000000656
        2.5117303995843416        0.4605329109858455        0.1076698533013459
        2.5576614681638441        0.3712936871326359        0.2331021734197994
        2.4126182164272718        0.3413098526537599        0.5246879271855680
        2.5000000000725633        0.5152367234413940        0.0000000000000824
        2.3846664276593739        0.5428484764644271        0.1347194566979721
        2.5384481011962152        0.5309186444163478        0.1922754396968602
        2.4760898131616829        0.5379064565016145        0.5310301276398923
        2.6712358679767534        0.6083029311684955        1.0000000000000000
        2.5000062578169602        0.6142163348369345        0.0000000000001456
        2.5113452685087174        0.5823038586217919        0.1059082309888269
        2.5457973445918203        0.6541103530978953        0.2090453247986150
        2.4434932314110394        0.5729272442726010        0.2780389692787733
        2.5000000000918301        0.7176333930981879        0.0000000000001437
        2.5103231287077490        0.6875122538930744        0.1010770088666660
        2.5525716068453783        0.7753072396873851        0.2231766856082267
        2.4316575448285400        0.7114635947481895        0.2042764682081749
        2.3697421249946684        0.6562004634865007        0.4275932391858753
        2.5000019785604586        0.8158944280885596        0.0000000000000819
        2.5139382466343259        0.7944063459504933        0.1172346873373519
        2.4927137871050835        0.7222094664971956        0.3295853397314027
        2.5973404848684369        0.7827528066550837        0.8104276206301106
        2.5000000000047247        0.9125986434693041        0.0000000000002010
        2.5092649234511866        0.9007728390466651        0.0958075396022159
        2.5413760796160254        0.8922868685243466        0.1991584787339812
        2.5018810919271242        0.8769643537965959        0.3039111420059519
        2.4524091424336771        0.8440562283157249        0.4532051068620498
        2.6787078536809212        1.0000000008975536        1.0000000005790048
        2.5000031943580905        1.0000000002747824       -0.0017871589882049
        2.5226919496025779        1.0000000001647349        0.1489195247612845
        2.5424897589176934        1.0000000000000000        0.3894053874829095
        2.5833206675234877        1.0000000000000000        0.5286942737168338
        2.4891493443895669        1.0000000000000000        0.7396503245453023
        2.6113327232276418        0.0000000000002244        0.3145437139178408
        2.5731042249283713        0.0000000000000000        0.4684440286196250
        2.8221522814185884       -0.0000000000026703        1.0000000005938692
        2.6395230979003816        0.0890250674783035        0.3464915627438308
        2.5053187787620503        0.1519310610315263        0.5310886919503681
        2.5807628854862630        0.1770887729348697        0.2724706255987897
        2.5216101199708754        0.1157493944469679        0.3653491298223318
        2.6652825105696967        0.1702292900940315        0.5799299077368995
        2.6033603182272658        0.2899641433970955        0.3044289126269447
        2.5747928233591417        0.2743717668448604        0.4442954062470326
        2.7190815170455664        0.2274087481047266        0.7441883963998437
        2.6291298740767095        0.3931858802582320        0.3353436292784500
        2.6010580916222517        0.4338894701115303        0.4662925059162372
        2.5805271783666832        0.4770269774509739        0.2721076109023477
        2.4986195681577006        0.4116432775218369        0.3677555548638647
        2.6101753022139556        0.6320309449075094        0.6419916411697081
        2.4816678528378926        0.4956562877044316        0.7510708226505753
        2.5897060739114348        0.5916507183197715        0.2857602040432344
        2.5352329874919861        0.5678486920414136        0.3862053178645035
        2.6094462554867390        0.7017636697179169        0.3121982905889630
        2.5608973074044923        0.7094773166433941        0.4626426213833371
        2.6139020926805276        0.8106097154088151        0.3176923133529111
        2.5816288693801881        0.8386160483596317        0.5987464211709713
        2.6229559535943023        0.9206950925379819        0.3283866426485982
        2.6239204220555425        0.8647671237205501        0.4406676864282593
        2.5726729557292791        1.0000000000888996        0.2595989158609368
        2.6972426102542397        1.0000000000000000        0.6982155270659042
        2.7054506049417189        0.0000000000000766        0.4040305110588092
        2.7210241764999616        0.0000000000001293        0.5405495588370873
        2.7616916309232131        0.0000000000000000        0.7383915964839759
        2.6568237504416392        0.1193194469258768        0.4542800714205464
        3.0571482706393929       -0.0000000000029410        1.0000000004536118
        2.6525637689194390        0.2006390409646437        0.3595664963988374
        2.6883968510821368        0.3099013006211637        0.3910287426577133
        2.7178863852809609        0.4162674616080869        0.4128097726437174
        2.7033729509757083        0.3116471864920881        0.5216615648260006
        2.6507789699969542        0.5097583596445917        0.3578333022562487
        2.7131430458389487        0.4803586961619911        0.5606836563856864
        2.7329218416876908        0.5325350004644535        0.4226928641261273
        2.6484587428819295        0.5892319966758812        0.4867615938797895
        2.6663995146148074        0.6329566281402371        0.3724388757242774
        2.7804180893154813        0.6225782915789368        0.5699597893151594
        2.7859158342103760        0.6595231602192680        0.7414526009490259
        2.6892186445012878        0.7601700261647752        0.3916822041844694
        2.6948627332780526        0.7432167112265635        0.5297250059185580
        2.8736668744150573        0.7743624281895216        1.0000000000000000
        2.7440249550586984        0.8996356409260925        0.4295075975664443
        2.7515724975126803        0.8795859382838749        0.5678323879890401
        2.8043987898417089        0.8461281027572354        0.7511474905303418
        2.6833361821337736        1.0000000001032352        0.3869418902491606
        2.7155254249016525        1.0000000000000000        0.5137991461967799
        2.7786204835935386        0.0968906207288342        0.4483203204357810
        2.8057467405301573        0.1262202943138125        0.5936549358362014
        2.7451182293085066        0.2143932017438842        0.4301572770152435
        2.7934926660227437        0.3289557971578827        0.4553621866651445
        2.8087937271490842        0.3649901329537648        0.5992845600239097
        2.8090061772868724        0.4440949619841005        0.4620837150186385
        2.8674643754343290        0.5100589107927074        0.6205707818522233
        2.7197191749628460        0.4517841103311112        0.7551376881751491
        2.8141463044496917        0.5790821766710547        0.4641749712407245
        2.7541757557776192        0.6728051953477977        0.4353968775180815
        2.7947778282520215        0.7957883787116131        0.4559428256076009
        2.8505352056113749        1.0000000000000000        0.5956019695717093
        2.8151421701532180        1.0000000001236344        0.4645724729630861
        2.8332370733813157        0.0000000000001590        0.4713704767084951
        2.8987217067710467        0.0972174298752347        0.4896352799021123
        2.9757470112687199        0.0000000000000000        0.7553637719042116
        2.8408656661785359        0.1974520367856621        0.4740002782860818
        2.8914893452291159        0.1579852787249481        0.7916650979463400
        2.8848588504377797        0.2954940372737038        0.4865619341294960
        2.8809604523634875        0.2517944839147283        0.6099419144647206
        2.9148065380521779        0.3982929423420642        0.4926886177443384
        2.9734020888645576        0.4003237924260755        0.6084603315107656
        2.8400682133327000        0.3216039867399196        1.0000000000000000
        2.8840458126856343        0.5059180228405957        0.4863688173025333
        2.9280968118981661        0.6056288946094094        0.4948029219202250
        2.8592917172958732        0.6965007910385973        0.4797928503084556
        2.9310598994215731        0.6660961656259505        0.6324813336097355
        2.9186743366974852        0.8043340784850483        0.4933418049680732
        2.8330189670220007        0.7664591069464459        0.5899668738679560
        2.8638519311101245        0.8994259219504085        0.4811067483853856
        2.9343048353951584        1.0000000001560481        0.4956653562877646
        2.9581201888146467        0.0000000000001619        0.4982429943355087
        2.8763430682418920        0.0000000000000000        0.5987737496619842
        3.0366748222069355        0.0000000000000000        0.6079855639422618
        3.0222670033378236        0.0986446780018491        0.4995039344813546
        2.9656432932541827        0.1318702120214774        0.6188610528399269
        2.9576693027615439        0.1989764533643873        0.4982048896901618
        3.0924266199990016        0.1867120277530776        0.7673827283811125
        3.0820447100353352        0.2602867169879954        1.0000000000000000
        2.9952576816564616        0.3049644096968248        0.4999775099109244
        2.9212454156035479        0.3498981451957597        0.7595504311155964
        3.0467685830921050        0.4027886668761979        0.4978078943149478
        2.9870422213237156        0.4994675709395467        0.4998320677819882
        2.9191161691841576        0.5479605379656224        0.8031430193835356
        3.0437996766155475        0.6096148531490884        0.4980778938449104
        3.0295214553022394        0.5580441814480286        1.0000000000000000
        2.9765908058479562        0.7093156124179710        0.4994517090061379
        3.0177678224821438        0.7985700953703171        0.7886970965557343
        3.0427260727425907        0.8112255256611007        0.4981711380140133
        2.9431978363882263        0.8612781152124854        0.6210474937767539
        2.9974910821295375        1.0000000008928800        1.0000000006944287
        2.9908906657034153        0.9056674464832339        0.4999170131820783
        3.0597475108982004        1.0000000001743350        0.4964173998915983
        2.8962549204645542        1.0000000000000000        0.7738113160695396
        3.0821272827882766        0.0000000000001592        0.4932089915910371
        3.1409260741161997        0.1006212671960998        0.4797289251718231
        3.1177978899837928        0.1332695041621474        0.6041348644786295
        3.1811979022899433        0.0000000000002245        0.5820696257163595
        3.1801741869783107        0.0000000000000000        0.7445560267397470
        3.0737916592029122        0.2046666917394044        0.4945248133747470
        3.1162311719666449        0.3061721936017848        0.4897296411234287
        3.0402686402395531        0.2758085455842410        0.6182901237950631
        3.3100453353693435        0.2023573198871363        0.8164360702532900
        3.1943241593474538        0.2800321400687568        0.6268429505006567
        3.1379347117521248        0.4120160699727913        0.5954682956667590
        3.1050577603204990        0.4084234023085620        0.7662040059910387
        3.1011379431391184        0.5065034173970308        0.4896642895877620
        3.0297158517852565        0.5366025386256257        0.6230932241959706
        3.1011336295722978        0.7091577804081723        0.4896651805385359
        3.1945902215826285        0.7078861706610443        0.5999222202440193
        3.0887249047761838        0.6443812815441760        0.7445383876427046
        3.1627460178173661        0.8058833967668649        0.4727723910019305
        3.0462551468965438        0.7291907053072840        0.6045304581726673
        3.1181353196478638        0.9041612338094429        0.4858436438317342
        3.1080624542423787        0.8613645051462906        0.6237060330599149
        3.1585926471788035        1.0000000000000000        0.5846261382843237
        3.0062256970926584        1.0000000000000000        0.6160389348432697
        3.1973233096960869        0.0000000000001582        0.4594164902854490
        3.2463389467614654        0.1029530685025575        0.4351058759755514
        3.1997946130708361        0.2035756945722864        0.4953401757281062
        3.3061768654770232       -0.0000000000024710        1.0000000008070842
        3.2236288352173501        0.3099751699861142        0.4472025760998725
        3.1692591636010707        0.4090348798974759        0.4704798992526235
        3.2154326447892725        0.5133741439815558        0.4512081288708119
        3.3059758460500657        0.4040260441972174        1.0000000000000000
        3.1607943682070827        0.6125188443996423        0.4734397228358108
        3.1747693526130605        0.5516365961380493        0.5922846091857055
        3.2147192018782307        0.7081531603471581        0.4515480753498015
        3.3262133513123668        0.7271350189687751        0.5323225384847105
        3.2231381015146590        0.7395033221957474        1.0000000000000000
        3.2358051181451923        0.9050370578111145        0.4409035566385599
        3.2535975736454219        0.8609549490064448        0.5675929816695435
        3.1109195780853707        1.0000000000000000        0.7657819287515270
        3.1833099449209272        1.0000000001789713        0.4651854083284437
        3.2969784756304064        0.0000000000001386        0.4022484119156115
        3.4173314708682576        0.0000000000001400        0.4269391975162098
        3.3400143231021708        0.1042268663913339        0.3665927714581571
        3.2857144725855720        0.2103518705619733        0.4103257732078749
        3.2789026608057017        0.1361451724199760        0.6180202574921728
        3.3231152882828825        0.3142166310140370        0.3815711080229606
        3.5877360090761030        0.0000000000177428        1.0000000007469283
        3.2787276045109670        0.4092373108077967        0.4151035081561922
        3.2861627903724639        0.4425285971323075        0.5362910328678212
        3.3183278144585442        0.5075503307841563        0.3855741206850462
        3.2843103464567904        0.6082236480954379        0.4466892761527113
        3.2315096409364781        0.5775211191410653        0.7765727991911455
        3.5577920165017032        0.7040202985994790        1.0000000000000000
        3.3152954616809645        0.7100143320044718        0.3880576913854272
        3.3240330431161635        0.5827922209303511        0.5943139578289225
        3.2715435229583245        0.8085584649109314        0.4198382011434666
        3.2555792976792257        0.8101075602016686        0.7578641134972705
        3.3391128769390579        0.9062713870457019        0.3674268045395102
        3.2899349482666294        1.0000000001844298        0.4073545453314136
        3.3085544608019029        1.0000000000000000        0.5313240004848557
        3.2864674508258149        1.0000000000000000        0.6963625179692785
        3.2763298467266089        1.0000000009492882        1.0000000005279583
        3.3861708853782009        0.0000000000001333        0.3176036008482170
        3.3078827044662873        0.0000000000000000        0.5375384253867092
        3.4750912963679794        0.1397519411214598        0.3699665048328233
        3.4036696855886204        0.0000000000000000        0.7320288322562345
        3.3723576427808322        0.2123746658430555        0.3336911534079115
        3.5714419648348952        0.1785236592295681        0.4996242196765925
        3.3773329078480829        0.1385589802561174        0.4963939057298365
        3.4004561236961903        0.3186491718247647        0.2993908699246215
        3.4348838293110502        0.2708865064020719        0.4602159777916581
        3.6011558795721834        0.3847337953902829        0.5003830998184832
        3.3227836904162387        0.2927384526795606        0.5404020982169619
        3.4728764719344349        0.2232462801159151        0.6719799572627976
        3.3766743985791394        0.4194188259147296        0.3288105800406746
        3.4117911590928753        0.4049739035882496        0.4440654628488548
        3.4612934257449828        0.4302443673525824        0.6144142561036293
        3.3102693188633814        0.3969351811469443        0.7117490103265859
        3.4015786318383880        0.5256297532095187        0.2978835384018532
        3.4242479326601729        0.5494699980823045        0.4581355691125662
        3.4368892785719214        0.6063728260148631        0.7884175668891815
        3.3587602667352070        0.6175861955941835        0.3482686764727529
        3.4377023508191846        0.7160815373946877        0.4327636343139008
        3.4039165998205188        0.7180668460481068        0.2947055825555924
        3.3872804869244346        0.8619098547575077        0.4789608513730098
        3.3633414728581315        0.8062855910505985        0.3434864976986485
        3.4357825528834551        0.8183480808118383        0.6595120793661726
        3.4181452247218167        0.8976827390490645        0.2741433403209743
        3.3955014241945425        1.0000000001578819        0.3059062330953184
        3.4072770081372599        1.0000000000000000        0.4190284411723801
        3.4823516357526110        1.0000000000000000        0.5486304966765885
        3.4684347443090791        1.0000000000000000        0.7636492644440075
        3.4999904220480813       -0.0000000000009418       -0.0030947683724202
        3.4858162671433939       -0.0000000000000106        0.1182478517737663
        3.4504904180230400        0.0000000000001202        0.2169294427638978
        3.5161529703758414        0.0000000000001277        0.3133533562043791
        3.4701869499392117        0.0000000000000000        0.5741865989821179
        3.4999919150745988        0.0917558960075295        0.0000000000001655
        3.5017888272099871        0.1137252821140582        0.2058279764742949
        3.4164147838708465        0.1028202194682111        0.2767647516823561
        3.4999968898036826        0.2018715123661041        0.0000000000001027
        3.4903362463679319        0.1235112245620495        0.0978282448876955
        3.4394132920221039        0.2153023131621059        0.2385706578653318
        3.5628662149033996        0.2555810552304613        0.2115328579333480
        3.7169705827901822        0.2383629793656233        0.7342475136005571
        3.4999978524705799        0.3115787569044691        0.0000000000000853
        3.4877719162739322        0.2430755330200317        0.1099024917572660
        3.4559176076611973        0.3270777992331381        0.2052781893540823
        3.5178838831076322        0.3004747715974175        0.3426368406926352
        3.4999977736203065        0.4151338588229379        0.0000000000000868
        3.4887473365939825        0.3610664542605528        0.1054800501151214
        3.4431061236557405        0.4412003466021457        0.2316397271168819
        3.5255994915243472        0.4713780785910271        0.3553246713494591
        3.4999976043685583        0.5219982337904431        0.0000000000000901
        3.4869271632184340        0.4716615674885223        0.1135866969325574
        3.5068369428120683        0.5519651172504415        0.2135450623462407
        3.6874569312765915        0.5130722480336297        0.7051687065504731
        3.5787032172995805        0.3309011257699306        1.0000000000000000
        3.4999970202680784        0.6391750431712396        0.0000000000001005
        3.4898871035743522        0.5885780362687271        0.1000531146518279
        3.4334807938076506        0.6229317816435355        0.2491874824301754
        3.4994056117786241        0.6247199997818135        0.3438769221954030
        3.4999984674393683        0.7328935437941672        0.0000000000000721
        3.4686199873128745        0.6847374788208941        0.1743425005295078
        3.5798666136442363        0.7322605312527541        0.2743156847044660
        3.4996259279888982        0.6499537023511579        0.5804902878522579
        3.4999999998777662        0.8367371170547183        0.0000000000001845
        3.4881215002787544        0.7787727797442505        0.1083392863444193
        3.4479786469601059        0.7901353887202250        0.2220701057499471
        3.4844842406362422        0.8309383244612512        0.3505964087413231
        3.7061688050339363        0.7762650589051771        0.7025208278785757
        3.4943172707316892        0.9021451377674669        0.0751693811094249
        3.6119268040343711        0.8304729651363149        0.1306157157047693
        3.4691653888252083        0.8880724550113519        0.1728694245044247
        3.5929646885591793        0.8903504997280876        0.2657129448385381
        3.4987999458042989        1.0000000002213805        0.0000000000001210
        3.4867774290172258        1.0000000001722038        0.1142266797334294
        3.4849449471830005        1.0000000000000000        0.2277965511739758
        3.7048221221232440        1.0000000000000000        0.6263914649326282
        3.6000928665645091        0.0000000000002088        0.2118530372768400
        3.5882435345326762        0.0000000000000000        0.4400061424881131
        3.7439695447924382        0.0000000000000000        0.3708443900978965
        3.6832175842499981        0.0000000000000000        0.6621018389429457
        3.6058719104931991        0.1203523624570206        0.0000000000000000
        3.5940761782431228        0.0000000000000000        0.0668596717274594
        3.6186904863996876        0.1517580065996988        0.3037049558758002
        3.7752495082308881        0.2074825380598983        0.4444431370704487
        3.6251265646386299        0.1519341178876313        0.1290821326908257
        3.7930342332123748        0.2117598755028115        0.1945714699072219
        3.6860836418892786        0.3565768231434561        0.3105410696025867
        3.6416749821634835        0.3360103203084394        0.1243410253796929
        3.6139261576879851        0.2716365778192144        0.0000000000002177
        3.5602313819377449        0.4155894694901099        0.2206653391309730
        3.6139130996670210        0.4396193779874176        0.0000000000000000
        3.6246478120915180        0.5149877874956352        0.1212568466923937
        3.7875058842748137        0.5140145810824787        0.4317379342554394
        3.6032391931983607        0.5952571274232034        0.0000000000000000
        3.6507013911926278        0.5713682279063842        0.2740289849246519
        3.5865698249490352        0.6709398103423914        0.1294082439270017
        3.5713961993490329        0.8412700197250993        0.4794221914047243
        3.6175890869211464        0.6286285411513041        0.4603657740031075
        3.6181408267637849        0.7470898259689743        0.0000000000002059
        3.7863118377033991        0.9242865745597311        0.1797469155210698
        3.5998045208714973        0.9155171166497351        0.0000000000001845
        3.7149785315737822        1.0000000000000000        0.3699870260244616
        3.6136738927742513        1.0000000000000000        0.1450431187714000
        3.5329156608436962        1.0000000000000000        0.3670561631812413
        3.7350396102777874       -0.0000000000017263       -0.0000000000021064
        3.7694134237233103        0.1762195363862853        0.0000000000000000
        3.7652090528426472        0.0000000000000000        0.1612852033094391
        3.9999999932457033        0.5231269054354718        1.0000000020789259
        3.7664803075186359        0.3800985642912063        0.0000000000000000
        3.8055989518671662        0.4703810443982179        0.1783398477718254
        3.7584099650774383        0.7030033133085368        0.1765276164987568
        3.9999999950987299        0.6982270645878342        0.5816555375617518
        3.7575459993567564        0.7941905253752460        0.3925747881243330
        3.7314273968694915        1.0000000005203007       -0.0000000000011464
        3.6123231738194819        1.0000000012289094        1.0000000009639176
        4.0268368001724149        0.0000000000251311        1.0000000030569414
        3.9999999968753626       -0.0000000000022878        0.2680843604368999
        3.9999999971631759        0.5042624256543972       -0.0000000000028801
        3.9999999938876734        0.3420020274289003        0.6124834518207685
        3.9999999982395562        0.7553346921091239       -0.0000000000024953
        3.7567057689320280        0.6012234626592970        0.0000000000000000
        3.7647464480721422        0.8169550172388101        0.0000000000000000
        3.9999999964514297        0.6744380911697947        0.2777301711841098
        3.9999999963180479        1.0000000008596286       -0.0128665418094588
        3.9999999967763866        1.0000000012128254        0.5582783038564774
        4.0062508698971895       -0.0000000000032119        0.0000000000231050
        3.9999999970924303        0.2506102711818854       -0.0000000000023354
        3.9999999877987573        1.0000000017102288        1.0223474858923174
        3.9999999977626768        1.0000000006866672        0.2722108249121559
        3.9999999959487065        0.0000000000186268        0.5734991474078769
        3.9999999955614798        0.3333656803901604        0.2970578850899880
